<?xml version="1.0" encoding="utf-8"?>
<COLLADA xmlns="http://www.collada.org/2005/11/COLLADASchema" version="1.4.1">
  <asset><contributor><author>Mixamo</author><authoring_tool>COLLADA Mixamo exporter</authoring_tool><comments></comments></contributor><created>2018-02-01T05:41:29Z</created><modified>2018-02-01T05:41:29Z</modified><revision></revision><title></title><unit meter="0.010000"/><up_axis>Y_UP</up_axis></asset>
  <library_animations>
    <animation id="Boy_Hips-anim" name="Boy_Hips"><source id="Boy_Hips-Matrix-animation-input"><float_array id="Boy_Hips-Matrix-animation-input-array" count="25">

0.000000 0.033333 0.066667 0.100000 0.133333 0.166667 0.200000 0.233333 0.266667 0.300000 0.333333 0.366667 0.400000 0.433333 0.466667 0.500000
0.533333 0.566667 0.600000 0.633333 0.666667 0.700000 0.733333 0.766667 0.800000</float_array><technique_common><accessor source="#Boy_Hips-Matrix-animation-input-array" count="25"><param name="TIME" type="float"/></accessor></technique_common></source><source id="Boy_Hips-Matrix-animation-output-transform"><float_array id="Boy_Hips-Matrix-animation-output-transform-array" count="400">

0.999009 -0.027889 -0.034679 0.324785 0.029485 0.998488 0.046402 70.022438 0.033333 -0.047378 0.998321 0.351428 0.000000 0.000000 0.000000 1.000000
0.995451 -0.054732 -0.077981 0.113246 0.056797 0.998085 0.024506 70.939644 0.076491 -0.028823 0.996654 -0.082870 0.000000 0.000000 0.000000 1.000000
0.990586 -0.078789 -0.111943 0.165270 0.078647 0.996886 -0.005697 72.013405 0.112044 -0.003161 0.993698 -0.427764 0.000000 0.000000 0.000000 1.000000
0.986896 -0.092524 -0.132193 0.420894 0.087505 0.995223 -0.043301 73.083321 0.135568 0.031166 0.990278 -0.412064 0.000000 0.000000 0.000000 1.000000
0.985746 -0.094143 -0.139432 0.884089 0.082219 0.992637 -0.088950 73.882065 0.146779 0.076218 0.986228 0.142787 0.000000 0.000000 0.000000 1.000000
0.985800 -0.091949 -0.140510 1.487260 0.075746 0.990285 -0.116615 74.088806 0.149868 0.104316 0.983188 1.252810 0.000000 0.000000 0.000000 1.000000
0.985217 -0.090581 -0.145408 2.075233 0.072797 0.989697 -0.123289 73.706512 0.155077 0.110881 0.981660 2.332138 0.000000 0.000000 0.000000 1.000000
0.983509 -0.090568 -0.156546 2.684102 0.073686 0.991143 -0.110482 72.844254 0.165165 0.097125 0.981472 3.127699 0.000000 0.000000 0.000000 1.000000
0.982361 -0.088745 -0.164593 3.363686 0.075276 0.993417 -0.086351 71.951660 0.171172 0.072438 0.982575 3.347102 0.000000 0.000000 0.000000 1.000000
0.984419 -0.088717 -0.151818 4.133067 0.079593 0.994695 -0.065167 71.001160 0.156794 0.052068 0.986258 3.266413 0.000000 0.000000 0.000000 1.000000
0.990279 -0.091558 -0.104713 4.847278 0.085379 0.994414 -0.062056 69.952080 0.109809 0.052513 0.992565 2.482499 0.000000 0.000000 0.000000 1.000000
0.995797 -0.087669 -0.026488 5.586154 0.086414 0.995229 -0.045290 69.270477 0.030332 0.042811 0.998623 1.725190 0.000000 0.000000 0.000000 1.000000
0.995554 -0.074641 0.057458 6.062146 0.076447 0.996625 -0.029894 69.274658 -0.055033 0.034153 0.997900 0.638144 0.000000 0.000000 0.000000 1.000000
0.991204 -0.055613 0.120090 6.426660 0.057442 0.998279 -0.011824 69.802444 -0.119226 0.018618 0.992693 -0.294862 0.000000 0.000000 0.000000 1.000000
0.988009 -0.036683 0.149973 6.553797 0.036688 0.999323 0.002735 70.737335 -0.149972 0.002800 0.988686 -1.069859 0.000000 0.000000 0.000000 1.000000
0.989155 -0.021053 0.145358 6.429783 0.019335 0.999726 0.013224 71.982368 -0.145597 -0.010270 0.989291 -1.429216 0.000000 0.000000 0.000000 1.000000
0.990849 -0.013474 0.134301 6.104189 0.010244 0.999642 0.024710 72.966682 -0.134586 -0.023108 0.990632 -1.227199 0.000000 0.000000 0.000000 1.000000
0.991705 -0.011803 0.127989 5.457175 0.007207 0.999314 0.036318 73.316231 -0.128330 -0.035094 0.991110 -0.450104 0.000000 0.000000 0.000000 1.000000
0.991842 -0.008665 0.127182 4.654858 0.003640 0.999206 0.039688 72.876816 -0.127425 -0.038901 0.991085 0.526722 0.000000 0.000000 0.000000 1.000000
0.992314 -0.002467 0.123721 3.743035 -0.004033 0.998625 0.052260 71.795525 -0.123680 -0.052357 0.990940 1.304093 0.000000 0.000000 0.000000 1.000000
0.993891 0.002003 0.110352 2.729493 -0.008868 0.998052 0.061754 70.750191 -0.110013 -0.062355 0.991972 1.620862 0.000000 0.000000 0.000000 1.000000
0.996230 0.007953 0.086386 1.735826 -0.013345 0.997986 0.062012 69.765976 -0.085719 -0.062931 0.994330 1.677279 0.000000 0.000000 0.000000 1.000000
0.998579 0.007753 0.052727 1.066750 -0.011024 0.998013 0.062038 69.360176 -0.052142 -0.062531 0.996680 1.344846 0.000000 0.000000 0.000000 1.000000
0.999930 -0.003605 0.011235 0.570407 0.002928 0.998212 0.059695 69.455788 -0.011430 -0.059658 0.998153 0.902304 0.000000 0.000000 0.000000 1.000000
0.999039 -0.026841 -0.034659 0.327933 0.028458 0.998487 0.047049 70.022507 0.033343 -0.047991 0.998291 0.351278 0.000000 0.000000 0.000000 1.000000</float_array><technique_common><accessor source="#Boy_Hips-Matrix-animation-output-transform-array" count="25" stride="16"><param type="float4x4"/></accessor></technique_common></source><source id="Boy_Hips-Interpolations"><Name_array id="Boy_Hips-Interpolations-array" count="25">
 LINEAR LINEAR LINEAR LINEAR LINEAR LINEAR LINEAR LINEAR LINEAR LINEAR LINEAR
LINEAR LINEAR LINEAR LINEAR LINEAR LINEAR LINEAR LINEAR LINEAR LINEAR LINEAR LINEAR
LINEAR LINEAR</Name_array><technique_common><accessor source="#Boy_Hips-Interpolations-array" count="25"><param type="name"/></accessor></technique_common></source><sampler id="Boy_Hips-Matrix-animation-transform"><input semantic="INPUT" source="#Boy_Hips-Matrix-animation-input"/><input semantic="OUTPUT" source="#Boy_Hips-Matrix-animation-output-transform"/><input semantic="INTERPOLATION" source="#Boy_Hips-Interpolations"/></sampler><channel source="#Boy_Hips-Matrix-animation-transform" target="Boy_Hips/matrix"/></animation>
    <animation id="Boy_Spine-anim" name="Boy_Spine"><source id="Boy_Spine-Matrix-animation-input"><float_array id="Boy_Spine-Matrix-animation-input-array" count="25">

0.000000 0.033333 0.066667 0.100000 0.133333 0.166667 0.200000 0.233333 0.266667 0.300000 0.333333 0.366667 0.400000 0.433333 0.466667 0.500000
0.533333 0.566667 0.600000 0.633333 0.666667 0.700000 0.733333 0.766667 0.800000</float_array><technique_common><accessor source="#Boy_Spine-Matrix-animation-input-array" count="25"><param name="TIME" type="float"/></accessor></technique_common></source><source id="Boy_Spine-Matrix-animation-output-transform"><float_array id="Boy_Spine-Matrix-animation-output-transform-array" count="400">

0.987949 -0.150148 0.037571 0.000000 0.138218 0.746616 -0.650739 7.722000 0.069656 0.648090 0.758372 1.166200 0.000000 0.000000 0.000000 1.000000
0.992154 -0.098911 0.076462 -0.000000 0.124943 0.763068 -0.634127 7.722000 0.004377 0.638705 0.769439 1.166200 0.000000 0.000000 0.000000 1.000000
0.992774 -0.044961 0.111256 0.000000 0.103483 0.790165 -0.604095 7.722000 -0.060750 0.611243 0.789108 1.166200 0.000000 0.000000 0.000000 1.000000
0.989812 0.005895 0.142257 0.000000 0.075606 0.824870 -0.560244 7.722000 -0.120646 0.565291 0.816021 1.166200 0.000000 0.000000 0.000000 1.000000
0.983657 0.052513 0.172224 0.000000 0.041654 0.864206 -0.501411 7.722000 -0.175168 0.500390 0.847895 1.166200 0.000000 0.000000 0.000000 1.000000
0.974872 0.103818 0.197093 0.000000 -0.003236 0.891267 -0.453468 7.722000 -0.222741 0.441435 0.869207 1.166200 0.000000 0.000000 0.000000 1.000000
0.963379 0.161163 0.214305 0.000000 -0.056247 0.902901 -0.426153 7.722000 -0.262177 0.398493 0.878901 1.166200 0.000000 0.000000 0.000000 1.000000
0.950601 0.217132 0.221836 0.000000 -0.105805 0.898492 -0.426048 7.722000 -0.291826 0.381530 0.877082 1.166200 0.000000 0.000000 0.000000 1.000000
0.940258 0.260530 0.219177 -0.000000 -0.138679 0.881012 -0.452313 7.722000 -0.310938 0.394896 0.864509 1.166200 0.000000 0.000000 0.000000 1.000000
0.937935 0.284770 0.197951 -0.000000 -0.155743 0.855833 -0.493249 7.722000 -0.309876 0.431806 0.847066 1.166200 0.000000 0.000000 0.000000 1.000000
0.947364 0.281315 0.152854 0.000000 -0.162704 0.834214 -0.526891 7.722000 -0.275735 0.474287 0.836075 1.166200 0.000000 0.000000 0.000000 1.000000
0.966815 0.238859 0.090642 0.000000 -0.147354 0.811188 -0.565916 7.722000 -0.208702 0.533779 0.819465 1.166200 0.000000 0.000000 0.000000 1.000000
0.985777 0.165112 0.031320 0.000000 -0.114747 0.797446 -0.592379 7.722000 -0.122785 0.580360 0.805051 1.166200 0.000000 0.000000 0.000000 1.000000
0.996371 0.083681 -0.015596 0.000000 -0.075607 0.785845 -0.613784 7.722000 -0.039106 0.612736 0.789320 1.166200 0.000000 0.000000 0.000000 1.000000
0.998583 0.013916 -0.051368 0.000000 -0.043055 0.778584 -0.626061 7.722000 0.031282 0.627386 0.778080 1.166200 0.000000 0.000000 0.000000 1.000000
0.995941 -0.037388 -0.081876 0.000000 -0.021919 0.781519 -0.623496 7.722000 0.087299 0.622760 0.777527 1.166200 0.000000 0.000000 0.000000 1.000000
0.989827 -0.084688 -0.114325 -0.000000 -0.002366 0.793637 -0.608387 7.722000 0.142255 0.602468 0.785363 1.166200 0.000000 0.000000 0.000000 1.000000
0.981272 -0.130165 -0.141994 0.000000 0.022281 0.808896 -0.587529 7.722000 0.191335 0.573362 0.796648 1.166200 0.000000 0.000000 0.000000 1.000000
0.972441 -0.172347 -0.157020 0.000000 0.054510 0.822872 -0.565606 7.722000 0.226688 0.541459 0.809589 1.166200 0.000000 0.000000 0.000000 1.000000
0.966159 -0.206578 -0.154475 0.000000 0.084749 0.819831 -0.566299 7.722000 0.243628 0.534043 0.809595 1.166200 0.000000 0.000000 0.000000 1.000000
0.965246 -0.223081 -0.136143 0.000000 0.104164 0.806165 -0.582450 7.722000 0.239687 0.548026 0.801385 1.166200 0.000000 0.000000 0.000000 1.000000
0.968896 -0.225577 -0.101759 0.000000 0.119716 0.787141 -0.605043 7.722000 0.216583 0.574042 0.789663 1.166200 0.000000 0.000000 0.000000 1.000000
0.975233 -0.213984 -0.055962 0.000000 0.131518 0.764447 -0.631129 7.722000 0.177831 0.608138 0.773656 1.166200 0.000000 0.000000 0.000000 1.000000
0.982123 -0.188120 -0.006752 0.000000 0.138644 0.747153 -0.650031 7.722000 0.127329 0.637475 0.759877 1.166200 0.000000 0.000000 0.000000 1.000000
0.987951 -0.150138 0.037562 0.000000 0.138203 0.746617 -0.650740 7.722000 0.069656 0.648090 0.758371 1.166200 0.000000 0.000000 0.000000 1.000000</float_array><technique_common><accessor source="#Boy_Spine-Matrix-animation-output-transform-array" count="25" stride="16"><param type="float4x4"/></accessor></technique_common></source><source id="Boy_Spine-Interpolations"><Name_array id="Boy_Spine-Interpolations-array" count="25">
 LINEAR LINEAR LINEAR LINEAR LINEAR LINEAR LINEAR LINEAR LINEAR LINEAR LINEAR
LINEAR LINEAR LINEAR LINEAR LINEAR LINEAR LINEAR LINEAR LINEAR LINEAR LINEAR LINEAR
LINEAR LINEAR</Name_array><technique_common><accessor source="#Boy_Spine-Interpolations-array" count="25"><param type="name"/></accessor></technique_common></source><sampler id="Boy_Spine-Matrix-animation-transform"><input semantic="INPUT" source="#Boy_Spine-Matrix-animation-input"/><input semantic="OUTPUT" source="#Boy_Spine-Matrix-animation-output-transform"/><input semantic="INTERPOLATION" source="#Boy_Spine-Interpolations"/></sampler><channel source="#Boy_Spine-Matrix-animation-transform" target="Boy_Spine/matrix"/></animation>
    <animation id="Boy_Spine1-anim" name="Boy_Spine1"><source id="Boy_Spine1-Matrix-animation-input"><float_array id="Boy_Spine1-Matrix-animation-input-array" count="25">

0.000000 0.033333 0.066667 0.100000 0.133333 0.166667 0.200000 0.233333 0.266667 0.300000 0.333333 0.366667 0.400000 0.433333 0.466667 0.500000
0.533333 0.566667 0.600000 0.633333 0.666667 0.700000 0.733333 0.766667 0.800000</float_array><technique_common><accessor source="#Boy_Spine1-Matrix-animation-input-array" count="25"><param name="TIME" type="float"/></accessor></technique_common></source><source id="Boy_Spine1-Matrix-animation-output-transform"><float_array id="Boy_Spine1-Matrix-animation-output-transform-array" count="400">

0.999098 -0.037454 -0.020009 0.000000 0.034594 0.991179 -0.127936 9.600100 0.024624 0.127129 0.991581 0.248800 0.000000 0.000000 0.000000 1.000000
0.999644 -0.026048 -0.005750 0.000000 0.025197 0.992819 -0.116941 9.600100 0.008755 0.116754 0.993122 0.248800 0.000000 0.000000 0.000000 1.000000
0.999900 -0.011867 0.007701 0.000000 0.012615 0.994321 -0.105673 9.600100 -0.006404 0.105760 0.994371 0.248800 0.000000 0.000000 0.000000 1.000000
0.999786 0.003902 0.020328 0.000000 -0.001957 0.995491 -0.094838 9.600100 -0.020606 0.094778 0.995285 0.248800 0.000000 0.000000 0.000000 1.000000
0.999298 0.018802 0.032402 0.000000 -0.015954 0.996166 -0.086012 9.600100 -0.033895 0.085435 0.995767 0.248800 0.000000 0.000000 0.000000 1.000000
0.998577 0.030892 0.043467 0.000000 -0.027231 0.996225 -0.082427 9.600100 -0.045849 0.081126 0.995649 0.248800 0.000000 0.000000 0.000000 1.000000
0.997880 0.039098 0.052035 0.000000 -0.034495 0.995645 -0.086608 9.600100 -0.055195 0.084629 0.994883 0.248800 0.000000 0.000000 0.000000 1.000000
0.997445 0.043281 0.056831 -0.000000 -0.037599 0.994524 -0.097506 9.600100 -0.060740 0.095120 0.993611 0.248800 0.000000 0.000000 0.000000 1.000000
0.997471 0.042826 0.056727 0.000000 -0.036267 0.993047 -0.111992 9.600100 -0.061129 0.109652 0.992089 0.248800 0.000000 0.000000 0.000000 1.000000
0.998051 0.036844 0.050368 -0.000000 -0.030221 0.991511 -0.126463 9.600100 -0.054600 0.124694 0.990692 0.248800 0.000000 0.000000 0.000000 1.000000
0.998983 0.025385 0.037273 -0.000000 -0.019970 0.990081 -0.139075 9.600100 -0.040434 0.138189 0.989580 0.248800 0.000000 0.000000 0.000000 1.000000
0.999756 0.011148 0.019052 0.000000 -0.008157 0.988590 -0.150411 9.600100 -0.020511 0.150219 0.988440 0.248800 0.000000 0.000000 0.000000 1.000000
0.999997 -0.002273 -0.000457 0.000000 0.002171 0.987119 -0.159976 9.600100 0.000815 0.159974 0.987121 0.248800 0.000000 0.000000 0.000000 1.000000
0.999742 -0.012697 -0.018856 0.000000 0.009407 0.986197 -0.165310 9.600100 0.020694 0.165090 0.986061 0.248800 0.000000 0.000000 0.000000 1.000000
0.999183 -0.018433 -0.035963 0.000000 0.012222 0.986073 -0.165862 9.600100 0.038519 0.165287 0.985493 0.248800 0.000000 0.000000 0.000000 1.000000
0.998465 -0.019165 -0.051956 0.000000 0.010464 0.986597 -0.162841 9.600100 0.054381 0.162048 0.985283 0.248800 0.000000 0.000000 0.000000 1.000000
0.997497 -0.019187 -0.068049 0.000000 0.008203 0.987381 -0.158149 9.600100 0.070225 0.157195 0.985068 0.248800 0.000000 0.000000 0.000000 1.000000
0.996416 -0.020910 -0.081963 0.000000 0.008120 0.988134 -0.153381 9.600100 0.084198 0.152165 0.984762 0.248800 0.000000 0.000000 0.000000 1.000000
0.995625 -0.025200 -0.089979 0.000000 0.011429 0.988560 -0.150393 9.600100 0.092739 0.148707 0.984523 0.248800 0.000000 0.000000 0.000000 1.000000
0.995451 -0.031476 -0.089921 0.000000 0.017729 0.988561 -0.149776 9.600100 0.093607 0.147501 0.984622 0.248800 0.000000 0.000000 0.000000 1.000000
0.995847 -0.038538 -0.082481 0.000000 0.025767 0.988253 -0.150641 9.600100 0.087318 0.147890 0.985142 0.248800 0.000000 0.000000 0.000000 1.000000
0.996608 -0.044275 -0.069368 0.000000 0.033432 0.988069 -0.150337 9.600100 0.075196 0.147508 0.986198 0.248800 0.000000 0.000000 0.000000 1.000000
0.997505 -0.047100 -0.052583 -0.000000 0.038949 0.988442 -0.146511 9.600100 0.058876 0.144097 0.987811 0.248800 0.000000 0.000000 0.000000 1.000000
0.998346 -0.045513 -0.035131 0.000000 0.040228 0.989510 -0.138751 9.600100 0.041077 0.137109 0.989704 0.248800 0.000000 0.000000 0.000000 1.000000
0.999098 -0.037454 -0.020009 0.000000 0.034595 0.991179 -0.127937 9.600100 0.024624 0.127129 0.991581 0.248800 0.000000 0.000000 0.000000 1.000000</float_array><technique_common><accessor source="#Boy_Spine1-Matrix-animation-output-transform-array" count="25" stride="16"><param type="float4x4"/></accessor></technique_common></source><source id="Boy_Spine1-Interpolations"><Name_array id="Boy_Spine1-Interpolations-array" count="25">
 LINEAR LINEAR LINEAR LINEAR LINEAR LINEAR LINEAR LINEAR LINEAR LINEAR LINEAR
LINEAR LINEAR LINEAR LINEAR LINEAR LINEAR LINEAR LINEAR LINEAR LINEAR LINEAR LINEAR
LINEAR LINEAR</Name_array><technique_common><accessor source="#Boy_Spine1-Interpolations-array" count="25"><param type="name"/></accessor></technique_common></source><sampler id="Boy_Spine1-Matrix-animation-transform"><input semantic="INPUT" source="#Boy_Spine1-Matrix-animation-input"/><input semantic="OUTPUT" source="#Boy_Spine1-Matrix-animation-output-transform"/><input semantic="INTERPOLATION" source="#Boy_Spine1-Interpolations"/></sampler><channel source="#Boy_Spine1-Matrix-animation-transform" target="Boy_Spine1/matrix"/></animation>
    <animation id="Boy_Spine2-anim" name="Boy_Spine2"><source id="Boy_Spine2-Matrix-animation-input"><float_array id="Boy_Spine2-Matrix-animation-input-array" count="25">

0.000000 0.033333 0.066667 0.100000 0.133333 0.166667 0.200000 0.233333 0.266667 0.300000 0.333333 0.366667 0.400000 0.433333 0.466667 0.500000
0.533333 0.566667 0.600000 0.633333 0.666667 0.700000 0.733333 0.766667 0.800000</float_array><technique_common><accessor source="#Boy_Spine2-Matrix-animation-input-array" count="25"><param name="TIME" type="float"/></accessor></technique_common></source><source id="Boy_Spine2-Matrix-animation-output-transform"><float_array id="Boy_Spine2-Matrix-animation-output-transform-array" count="400">

0.999250 -0.034265 -0.018063 -0.000000 0.031662 0.991176 -0.128717 11.037800 0.022314 0.128049 0.991517 -0.491200 0.000000 0.000000 0.000000 1.000000
0.999724 -0.023124 -0.004100 0.000000 0.022481 0.992801 -0.117649 11.037800 0.006791 0.117525 0.993047 -0.491200 0.000000 0.000000 0.000000 1.000000
0.999919 -0.009263 0.008727 0.000000 0.010138 0.994280 -0.106327 11.037800 -0.007692 0.106407 0.994293 -0.491200 0.000000 0.000000 0.000000 1.000000
0.999772 0.006094 0.020465 0.000000 -0.004112 0.995422 -0.095486 11.037800 -0.020953 0.095380 0.995220 -0.491200 0.000000 0.000000 0.000000 1.000000
0.999286 0.020582 0.031682 -0.000000 -0.017766 0.996072 -0.086742 11.037800 -0.033343 0.086118 0.995727 -0.491200 0.000000 0.000000 0.000000 1.000000
0.998590 0.032282 0.042151 -0.000000 -0.028685 0.996111 -0.083308 11.037800 -0.044676 0.081982 0.995632 -0.491200 0.000000 0.000000 0.000000 1.000000
0.997918 0.040133 0.050482 -0.000000 -0.035604 0.995517 -0.087623 11.037800 -0.053772 0.085643 0.994874 -0.491200 0.000000 0.000000 0.000000 1.000000
0.997489 0.044162 0.055372 0.000000 -0.038556 0.994388 -0.098518 11.037800 -0.059412 0.096136 0.993594 -0.491200 0.000000 0.000000 0.000000 1.000000
0.997479 0.043961 0.055708 0.000000 -0.037463 0.992916 -0.112754 11.037800 -0.060270 0.110383 0.992060 -0.491200 0.000000 0.000000 0.000000 1.000000
0.997992 0.038674 0.050155 -0.000000 -0.032048 0.991415 -0.126767 11.037800 -0.054627 0.124905 0.990664 -0.491200 0.000000 0.000000 0.000000 1.000000
0.998877 0.028151 0.038117 0.000000 -0.022601 0.990046 -0.138921 11.037800 -0.041649 0.137904 0.989570 -0.491200 0.000000 0.000000 0.000000 1.000000
0.999668 0.014958 0.020958 -0.000000 -0.011648 0.988616 -0.150012 11.037800 -0.022963 0.149718 0.988462 -0.491200 0.000000 0.000000 0.000000 1.000000
0.999994 0.002732 0.002247 0.000000 -0.002338 0.987170 -0.159654 11.037800 -0.002654 0.159648 0.987170 -0.491200 0.000000 0.000000 0.000000 1.000000
0.999852 -0.006574 -0.015886 0.000000 0.003858 0.986230 -0.165332 11.037800 0.016754 0.165246 0.986110 -0.491200 0.000000 0.000000 0.000000 1.000000
0.999372 -0.011641 -0.033475 -0.000000 0.005918 0.986066 -0.166248 11.037800 0.034944 0.165946 0.985516 -0.491200 0.000000 0.000000 0.000000 1.000000
0.998642 -0.012093 -0.050671 0.000000 0.003654 0.986548 -0.163434 11.037800 0.051966 0.163026 0.985252 -0.491200 0.000000 0.000000 0.000000 1.000000
0.997617 -0.012182 -0.067908 -0.000000 0.001249 0.987315 -0.158767 11.037800 0.068981 0.158304 0.984978 -0.491200 0.000000 0.000000 0.000000 1.000000
0.996485 -0.014097 -0.082573 0.000000 0.001216 0.988069 -0.154005 11.037800 0.083759 0.153363 0.984614 -0.491200 0.000000 0.000000 0.000000 1.000000
0.995671 -0.018609 -0.091066 0.000000 0.004660 0.988515 -0.151051 11.037800 0.092831 0.149972 0.984322 -0.491200 0.000000 0.000000 0.000000 1.000000
0.995503 -0.025302 -0.091284 0.000000 0.011329 0.988553 -0.150450 11.037800 0.094046 0.148740 0.984394 -0.491200 0.000000 0.000000 0.000000 1.000000
0.995936 -0.033152 -0.083741 0.000000 0.020174 0.988279 -0.151320 11.037800 0.087776 0.149016 0.984931 -0.491200 0.000000 0.000000 0.000000 1.000000
0.996750 -0.039841 -0.070012 -0.000000 0.028886 0.988105 -0.151046 11.037800 0.075197 0.148533 0.986044 -0.491200 0.000000 0.000000 0.000000 1.000000
0.997702 -0.043285 -0.052128 -0.000000 0.035186 0.988460 -0.147336 11.037800 0.057903 0.145163 0.987712 -0.491200 0.000000 0.000000 0.000000 1.000000
0.998555 -0.041977 -0.033546 0.000000 0.036905 0.989512 -0.139656 11.037800 0.039057 0.138217 0.989632 -0.491200 0.000000 0.000000 0.000000 1.000000
0.999250 -0.034265 -0.018063 -0.000000 0.031662 0.991176 -0.128717 11.037800 0.022314 0.128049 0.991517 -0.491200 0.000000 0.000000 0.000000 1.000000</float_array><technique_common><accessor source="#Boy_Spine2-Matrix-animation-output-transform-array" count="25" stride="16"><param type="float4x4"/></accessor></technique_common></source><source id="Boy_Spine2-Interpolations"><Name_array id="Boy_Spine2-Interpolations-array" count="25">
 LINEAR LINEAR LINEAR LINEAR LINEAR LINEAR LINEAR LINEAR LINEAR LINEAR LINEAR
LINEAR LINEAR LINEAR LINEAR LINEAR LINEAR LINEAR LINEAR LINEAR LINEAR LINEAR LINEAR
LINEAR LINEAR</Name_array><technique_common><accessor source="#Boy_Spine2-Interpolations-array" count="25"><param type="name"/></accessor></technique_common></source><sampler id="Boy_Spine2-Matrix-animation-transform"><input semantic="INPUT" source="#Boy_Spine2-Matrix-animation-input"/><input semantic="OUTPUT" source="#Boy_Spine2-Matrix-animation-output-transform"/><input semantic="INTERPOLATION" source="#Boy_Spine2-Interpolations"/></sampler><channel source="#Boy_Spine2-Matrix-animation-transform" target="Boy_Spine2/matrix"/></animation>
    <animation id="Boy_LeftShoulder-anim" name="Boy_LeftShoulder"><source id="Boy_LeftShoulder-Matrix-animation-input"><float_array id="Boy_LeftShoulder-Matrix-animation-input-array" count="25">

0.000000 0.033333 0.066667 0.100000 0.133333 0.166667 0.200000 0.233333 0.266667 0.300000 0.333333 0.366667 0.400000 0.433333 0.466667 0.500000
0.533333 0.566667 0.600000 0.633333 0.666667 0.700000 0.733333 0.766667 0.800000</float_array><technique_common><accessor source="#Boy_LeftShoulder-Matrix-animation-input-array" count="25"><param name="TIME" type="float"/></accessor></technique_common></source><source id="Boy_LeftShoulder-Matrix-animation-output-transform"><float_array id="Boy_LeftShoulder-Matrix-animation-output-transform-array" count="400">

0.988589 0.150596 0.003643 4.215800 -0.150431 0.988203 -0.028723 16.554399 -0.007925 0.027847 0.999581 -4.064700 0.000000 0.000000 0.000000 1.000000
0.991076 0.130770 -0.025841 4.215800 -0.131584 0.990762 -0.032802 16.554399 0.021313 0.035910 0.999128 -4.064700 0.000000 0.000000 0.000000 1.000000
0.993261 0.106239 -0.046316 4.215800 -0.108024 0.993425 -0.037907 16.554399 0.041985 0.042655 0.998207 -4.064700 0.000000 0.000000 0.000000 1.000000
0.995093 0.079320 -0.059146 4.215800 -0.081971 0.995671 -0.043812 16.554399 0.055415 0.048445 0.997287 -4.064700 0.000000 0.000000 0.000000 1.000000
0.996369 0.053798 -0.065985 4.215800 -0.057155 0.997108 -0.050085 16.554399 0.063100 0.053675 0.996563 -4.064700 0.000000 0.000000 0.000000 1.000000
0.997229 0.034199 -0.066068 4.215800 -0.037896 0.997737 -0.055543 16.554399 0.064019 0.057893 0.996268 -4.064700 0.000000 0.000000 0.000000 1.000000
0.998132 0.024591 -0.055929 4.215800 -0.027852 0.997911 -0.058287 16.554399 0.054379 0.059736 0.996732 -4.064700 0.000000 0.000000 0.000000 1.000000
0.999087 0.025595 -0.034199 4.215800 -0.027524 0.997985 -0.057163 16.554399 0.032667 0.058052 0.997779 -4.064700 0.000000 0.000000 0.000000 1.000000
0.999350 0.035857 -0.003824 4.215800 -0.036010 0.997946 -0.052979 16.554399 0.001916 0.053082 0.998588 -4.064700 0.000000 0.000000 0.000000 1.000000
0.998259 0.051442 0.028840 4.215800 -0.050019 0.997592 -0.048044 16.554399 -0.031242 0.046518 0.998429 -4.064700 0.000000 0.000000 0.000000 1.000000
0.996152 0.066940 0.056577 4.215800 -0.064490 0.996944 -0.044083 16.554399 -0.059355 0.040265 0.997425 -4.064700 0.000000 0.000000 0.000000 1.000000
0.994483 0.074411 0.073934 4.215800 -0.071558 0.996613 -0.040522 16.554399 -0.076699 0.035008 0.996440 -4.064700 0.000000 0.000000 0.000000 1.000000
0.993931 0.072815 0.082453 4.215800 -0.070105 0.996915 -0.035303 16.554399 -0.084769 0.029308 0.995969 -4.064700 0.000000 0.000000 0.000000 1.000000
0.993818 0.068266 0.087550 4.215800 -0.066121 0.997442 -0.027174 16.554399 -0.089181 0.021217 0.995789 -4.064700 0.000000 0.000000 0.000000 1.000000
0.992968 0.068045 0.096875 4.215800 -0.066771 0.997635 -0.016329 16.554399 -0.097757 0.009746 0.995163 -4.064700 0.000000 0.000000 0.000000 1.000000
0.989710 0.080638 0.118203 4.215800 -0.080742 0.996727 -0.003916 16.554399 -0.118132 -0.005668 0.992982 -4.064700 0.000000 0.000000 0.000000 1.000000
0.984936 0.099517 0.141409 4.215800 -0.101229 0.994851 0.004950 16.554399 -0.140188 -0.019190 0.989939 -4.064700 0.000000 0.000000 0.000000 1.000000
0.979597 0.122426 0.159376 4.215800 -0.125126 0.992116 0.006977 16.554399 -0.157266 -0.026776 0.987193 -4.064700 0.000000 0.000000 0.000000 1.000000
0.975212 0.146063 0.166216 4.215800 -0.148414 0.988924 0.001749 16.554399 -0.164119 -0.026374 0.986088 -4.064700 0.000000 0.000000 0.000000 1.000000
0.972949 0.166333 0.160322 4.215800 -0.167256 0.985882 -0.007812 16.554399 -0.159358 -0.019214 0.987034 -4.064700 0.000000 0.000000 0.000000 1.000000
0.973399 0.178984 0.143035 4.215800 -0.178334 0.983815 -0.017459 16.554399 -0.143845 -0.008514 0.989564 -4.064700 0.000000 0.000000 0.000000 1.000000
0.976369 0.182084 0.116396 4.215800 -0.180515 0.983280 -0.023970 16.554399 -0.118814 0.002392 0.992914 -4.064700 0.000000 0.000000 0.000000 1.000000
0.980791 0.176886 0.082218 4.215800 -0.175251 0.984160 -0.026742 16.554399 -0.085646 0.011819 0.996256 -4.064700 0.000000 0.000000 0.000000 1.000000
0.985199 0.165819 0.043437 4.215800 -0.164731 0.985953 -0.027560 16.554399 -0.047397 0.019997 0.998676 -4.064700 0.000000 0.000000 0.000000 1.000000
0.988588 0.150600 0.003645 4.215800 -0.150436 0.988202 -0.028722 16.554399 -0.007927 0.027846 0.999581 -4.064700 0.000000 0.000000 0.000000 1.000000</float_array><technique_common><accessor source="#Boy_LeftShoulder-Matrix-animation-output-transform-array" count="25" stride="16"><param type="float4x4"/></accessor></technique_common></source><source id="Boy_LeftShoulder-Interpolations"><Name_array id="Boy_LeftShoulder-Interpolations-array" count="25">
 LINEAR LINEAR LINEAR LINEAR LINEAR LINEAR LINEAR LINEAR LINEAR LINEAR LINEAR
LINEAR LINEAR LINEAR LINEAR LINEAR LINEAR LINEAR LINEAR LINEAR LINEAR LINEAR LINEAR
LINEAR LINEAR</Name_array><technique_common><accessor source="#Boy_LeftShoulder-Interpolations-array" count="25"><param type="name"/></accessor></technique_common></source><sampler id="Boy_LeftShoulder-Matrix-animation-transform"><input semantic="INPUT" source="#Boy_LeftShoulder-Matrix-animation-input"/><input semantic="OUTPUT" source="#Boy_LeftShoulder-Matrix-animation-output-transform"/><input semantic="INTERPOLATION" source="#Boy_LeftShoulder-Interpolations"/></sampler><channel source="#Boy_LeftShoulder-Matrix-animation-transform" target="Boy_LeftShoulder/matrix"/></animation>
    <animation id="Boy_LeftArm-anim" name="Boy_LeftArm"><source id="Boy_LeftArm-Matrix-animation-input"><float_array id="Boy_LeftArm-Matrix-animation-input-array" count="25">

0.000000 0.033333 0.066667 0.100000 0.133333 0.166667 0.200000 0.233333 0.266667 0.300000 0.333333 0.366667 0.400000 0.433333 0.466667 0.500000
0.533333 0.566667 0.600000 0.633333 0.666667 0.700000 0.733333 0.766667 0.800000</float_array><technique_common><accessor source="#Boy_LeftArm-Matrix-animation-input-array" count="25"><param name="TIME" type="float"/></accessor></technique_common></source><source id="Boy_LeftArm-Matrix-animation-output-transform"><float_array id="Boy_LeftArm-Matrix-animation-output-transform-array" count="400">

0.724651 0.470652 -0.503356 5.300700 -0.372798 0.882067 0.288063 0.663200 0.579571 -0.021095 0.814649 -1.709300 0.000000 0.000000 0.000000 1.000000
0.761451 0.509661 -0.400546 5.300700 -0.464344 0.860015 0.211564 0.663200 0.452302 0.024896 0.891517 -1.709300 0.000000 0.000000 0.000000 1.000000
0.781281 0.543538 -0.306865 5.300700 -0.528957 0.837551 0.136792 0.663200 0.331367 0.055445 0.941871 -1.709300 0.000000 0.000000 0.000000 1.000000
0.788079 0.570512 -0.231187 5.300700 -0.570097 0.818101 0.075502 0.663200 0.232210 0.072297 0.969975 -1.709300 0.000000 0.000000 0.000000 1.000000
0.789746 0.584993 -0.184622 5.300700 -0.589513 0.806987 0.035294 0.663200 0.169634 0.080964 0.982176 -1.709300 0.000000 0.000000 0.000000 1.000000
0.794683 0.579940 -0.179298 5.300700 -0.586236 0.809863 0.021197 0.663200 0.157500 0.088266 0.983566 -1.709300 0.000000 0.000000 0.000000 1.000000
0.803076 0.552018 -0.224376 5.300700 -0.558069 0.828755 0.041521 0.663200 0.208873 0.091873 0.973618 -1.709300 0.000000 0.000000 0.000000 1.000000
0.800346 0.511480 -0.312784 5.300700 -0.507634 0.855706 0.100369 0.663200 0.318988 0.078450 0.944507 -1.709300 0.000000 0.000000 0.000000 1.000000
0.768490 0.478534 -0.424769 5.300700 -0.437645 0.877380 0.196649 0.663200 0.466787 0.034775 0.883686 -1.709300 0.000000 0.000000 0.000000 1.000000
0.704930 0.471432 -0.529931 5.300700 -0.348972 0.880981 0.319516 0.663200 0.617489 -0.040306 0.785546 -1.709300 0.000000 0.000000 0.000000 1.000000
0.626752 0.494327 -0.602347 5.300700 -0.244629 0.858757 0.450214 0.663200 0.739823 -0.134821 0.659155 -1.709300 0.000000 0.000000 0.000000 1.000000
0.553184 0.536397 -0.637389 5.300700 -0.135445 0.812851 0.566506 0.663200 0.821974 -0.227051 0.522309 -1.709300 0.000000 0.000000 0.000000 1.000000
0.490727 0.578789 -0.651299 5.300700 -0.030809 0.758550 0.650886 0.663200 0.870769 -0.299342 0.390073 -1.709300 0.000000 0.000000 0.000000 1.000000
0.438260 0.609446 -0.660684 5.300700 0.061235 0.713082 0.698401 0.663200 0.896760 -0.346539 0.275196 -1.709300 0.000000 0.000000 0.000000 1.000000
0.393094 0.615014 -0.683546 5.300700 0.124517 0.700938 0.702269 0.663200 0.911029 -0.361170 0.198955 -1.709300 0.000000 0.000000 0.000000 1.000000
0.358627 0.580881 -0.730728 5.300700 0.138296 0.741099 0.656998 0.663200 0.923180 -0.336674 0.185445 -1.709300 0.000000 0.000000 0.000000 1.000000
0.355968 0.555606 -0.751392 5.300700 0.115700 0.771669 0.625412 0.663200 0.927308 -0.309562 0.210406 -1.709300 0.000000 0.000000 0.000000 1.000000
0.381082 0.553315 -0.740688 5.300700 0.076269 0.779597 0.621621 0.663200 0.921390 -0.293380 0.254889 -1.709300 0.000000 0.000000 0.000000 1.000000
0.421679 0.567922 -0.706860 5.300700 0.030545 0.770219 0.637048 0.663200 0.906231 -0.290221 0.307438 -1.709300 0.000000 0.000000 0.000000 1.000000
0.467107 0.578501 -0.668691 5.300700 -0.017189 0.762064 0.647273 0.663200 0.884034 -0.290852 0.365909 -1.709300 0.000000 0.000000 0.000000 1.000000
0.512395 0.569915 -0.642377 5.300700 -0.066374 0.772083 0.632046 0.663200 0.856181 -0.281220 0.433439 -1.709300 0.000000 0.000000 0.000000 1.000000
0.558833 0.541766 -0.627850 5.300700 -0.122818 0.802822 0.583432 0.663200 0.820135 -0.248930 0.515182 -1.709300 0.000000 0.000000 0.000000 1.000000
0.611178 0.505759 -0.608826 5.300700 -0.194544 0.841606 0.503837 0.663200 0.767212 -0.189491 0.612763 -1.709300 0.000000 0.000000 0.000000 1.000000
0.669764 0.477223 -0.568924 5.300700 -0.280453 0.871972 0.401263 0.663200 0.687577 -0.109195 0.717854 -1.709300 0.000000 0.000000 0.000000 1.000000
0.724652 0.470647 -0.503360 5.300700 -0.372794 0.882070 0.288058 0.663200 0.579572 -0.021093 0.814648 -1.709300 0.000000 0.000000 0.000000 1.000000</float_array><technique_common><accessor source="#Boy_LeftArm-Matrix-animation-output-transform-array" count="25" stride="16"><param type="float4x4"/></accessor></technique_common></source><source id="Boy_LeftArm-Interpolations"><Name_array id="Boy_LeftArm-Interpolations-array" count="25">
 LINEAR LINEAR LINEAR LINEAR LINEAR LINEAR LINEAR LINEAR LINEAR LINEAR LINEAR
LINEAR LINEAR LINEAR LINEAR LINEAR LINEAR LINEAR LINEAR LINEAR LINEAR LINEAR LINEAR
LINEAR LINEAR</Name_array><technique_common><accessor source="#Boy_LeftArm-Interpolations-array" count="25"><param type="name"/></accessor></technique_common></source><sampler id="Boy_LeftArm-Matrix-animation-transform"><input semantic="INPUT" source="#Boy_LeftArm-Matrix-animation-input"/><input semantic="OUTPUT" source="#Boy_LeftArm-Matrix-animation-output-transform"/><input semantic="INTERPOLATION" source="#Boy_LeftArm-Interpolations"/></sampler><channel source="#Boy_LeftArm-Matrix-animation-transform" target="Boy_LeftArm/matrix"/></animation>
    <animation id="Boy_LeftForeArm-anim" name="Boy_LeftForeArm"><source id="Boy_LeftForeArm-Matrix-animation-input"><float_array id="Boy_LeftForeArm-Matrix-animation-input-array" count="25">

0.000000 0.033333 0.066667 0.100000 0.133333 0.166667 0.200000 0.233333 0.266667 0.300000 0.333333 0.366667 0.400000 0.433333 0.466667 0.500000
0.533333 0.566667 0.600000 0.633333 0.666667 0.700000 0.733333 0.766667 0.800000</float_array><technique_common><accessor source="#Boy_LeftForeArm-Matrix-animation-input-array" count="25"><param name="TIME" type="float"/></accessor></technique_common></source><source id="Boy_LeftForeArm-Matrix-animation-output-transform"><float_array id="Boy_LeftForeArm-Matrix-animation-output-transform-array" count="400">

0.898450 0.026263 -0.438290 21.769300 -0.022229 0.999650 0.014332 -0.634000 0.438513 -0.003134 0.898719 -2.041100 0.000000 0.000000 0.000000 1.000000
0.862658 0.026461 -0.505096 21.769300 -0.021147 0.999644 0.016252 -0.634000 0.505346 -0.003339 0.862910 -2.041100 0.000000 0.000000 0.000000 1.000000
0.828079 0.026643 -0.559978 21.769300 -0.020108 0.999639 0.017826 -0.634000 0.560251 -0.003501 0.828316 -2.041100 0.000000 0.000000 0.000000 1.000000
0.808159 0.026744 -0.588357 21.769300 -0.019511 0.999636 0.018638 -0.634000 0.588641 -0.003583 0.808386 -2.041100 0.000000 0.000000 0.000000 1.000000
0.808401 0.026743 -0.588024 21.769300 -0.019519 0.999636 0.018629 -0.634000 0.588308 -0.003582 0.808629 -2.041100 0.000000 0.000000 0.000000 1.000000
0.818925 0.026689 -0.573280 21.769300 -0.019834 0.999638 0.018207 -0.634000 0.573558 -0.003540 0.819158 -2.041100 0.000000 0.000000 0.000000 1.000000
0.829529 0.026635 -0.557828 21.769300 -0.020151 0.999639 0.017764 -0.634000 0.558100 -0.003495 0.829766 -2.041100 0.000000 0.000000 0.000000 1.000000
0.844405 0.026558 -0.535046 21.769300 -0.020598 0.999641 0.017111 -0.634000 0.535309 -0.003428 0.844649 -2.041100 0.000000 0.000000 0.000000 1.000000
0.871289 0.026414 -0.490058 21.769300 -0.021407 0.999646 0.015820 -0.634000 0.490302 -0.003293 0.871546 -2.041100 0.000000 0.000000 0.000000 1.000000
0.901731 0.026244 -0.431500 21.769300 -0.022328 0.999651 0.014137 -0.634000 0.431720 -0.003113 0.902002 -2.041100 0.000000 0.000000 0.000000 1.000000
0.919609 0.026138 -0.391964 21.769300 -0.022872 0.999654 0.012999 -0.634000 0.392168 -0.002989 0.919889 -2.041100 0.000000 0.000000 0.000000 1.000000
0.923245 0.026116 -0.383324 21.769300 -0.022984 0.999655 0.012750 -0.634000 0.383525 -0.002962 0.923526 -2.041100 0.000000 0.000000 0.000000 1.000000
0.922288 0.026122 -0.385620 21.769300 -0.022954 0.999654 0.012817 -0.634000 0.385822 -0.002969 0.922569 -2.041100 0.000000 0.000000 0.000000 1.000000
0.920252 0.026134 -0.390453 21.769300 -0.022892 0.999654 0.012956 -0.634000 0.390656 -0.002984 0.920532 -2.041100 0.000000 0.000000 0.000000 1.000000
0.909991 0.026195 -0.413801 21.769300 -0.022579 0.999652 0.013628 -0.634000 0.414014 -0.003058 0.910266 -2.041100 0.000000 0.000000 0.000000 1.000000
0.887105 0.026327 -0.460817 21.769300 -0.021885 0.999648 0.014980 -0.634000 0.461049 -0.003204 0.887369 -2.041100 0.000000 0.000000 0.000000 1.000000
0.872859 0.026406 -0.487258 21.769300 -0.021455 0.999646 0.015740 -0.634000 0.487501 -0.003285 0.873116 -2.041100 0.000000 0.000000 0.000000 1.000000
0.873696 0.026401 -0.485756 21.769300 -0.021480 0.999646 0.015697 -0.634000 0.485998 -0.003280 0.873954 -2.041100 0.000000 0.000000 0.000000 1.000000
0.883350 0.026348 -0.467973 21.769300 -0.021771 0.999648 0.015186 -0.634000 0.468208 -0.003226 0.883612 -2.041100 0.000000 0.000000 0.000000 1.000000
0.896102 0.026276 -0.443069 21.769300 -0.022158 0.999650 0.014470 -0.634000 0.443294 -0.003149 0.896371 -2.041100 0.000000 0.000000 0.000000 1.000000
0.910606 0.026192 -0.412445 21.769300 -0.022598 0.999652 0.013589 -0.634000 0.412657 -0.003054 0.910881 -2.041100 0.000000 0.000000 0.000000 1.000000
0.924452 0.026109 -0.380405 21.769300 -0.023020 0.999655 0.012666 -0.634000 0.380604 -0.002952 0.924733 -2.041100 0.000000 0.000000 0.000000 1.000000
0.930912 0.026069 -0.364312 21.769300 -0.023218 0.999656 0.012203 -0.634000 0.364505 -0.002901 0.931197 -2.041100 0.000000 0.000000 0.000000 1.000000
0.923072 0.026117 -0.383741 21.769300 -0.022978 0.999654 0.012762 -0.634000 0.383941 -0.002963 0.923353 -2.041100 0.000000 0.000000 0.000000 1.000000
0.898450 0.026262 -0.438290 21.769300 -0.022229 0.999650 0.014332 -0.634000 0.438513 -0.003134 0.898719 -2.041100 0.000000 0.000000 0.000000 1.000000</float_array><technique_common><accessor source="#Boy_LeftForeArm-Matrix-animation-output-transform-array" count="25" stride="16"><param type="float4x4"/></accessor></technique_common></source><source id="Boy_LeftForeArm-Interpolations"><Name_array id="Boy_LeftForeArm-Interpolations-array" count="25">
 LINEAR LINEAR LINEAR LINEAR LINEAR LINEAR LINEAR LINEAR LINEAR LINEAR LINEAR
LINEAR LINEAR LINEAR LINEAR LINEAR LINEAR LINEAR LINEAR LINEAR LINEAR LINEAR LINEAR
LINEAR LINEAR</Name_array><technique_common><accessor source="#Boy_LeftForeArm-Interpolations-array" count="25"><param type="name"/></accessor></technique_common></source><sampler id="Boy_LeftForeArm-Matrix-animation-transform"><input semantic="INPUT" source="#Boy_LeftForeArm-Matrix-animation-input"/><input semantic="OUTPUT" source="#Boy_LeftForeArm-Matrix-animation-output-transform"/><input semantic="INTERPOLATION" source="#Boy_LeftForeArm-Interpolations"/></sampler><channel source="#Boy_LeftForeArm-Matrix-animation-transform" target="Boy_LeftForeArm/matrix"/></animation>
    <animation id="Boy_LeftHand-anim" name="Boy_LeftHand"><source id="Boy_LeftHand-Matrix-animation-input"><float_array id="Boy_LeftHand-Matrix-animation-input-array" count="25">

0.000000 0.033333 0.066667 0.100000 0.133333 0.166667 0.200000 0.233333 0.266667 0.300000 0.333333 0.366667 0.400000 0.433333 0.466667 0.500000
0.533333 0.566667 0.600000 0.633333 0.666667 0.700000 0.733333 0.766667 0.800000</float_array><technique_common><accessor source="#Boy_LeftHand-Matrix-animation-input-array" count="25"><param name="TIME" type="float"/></accessor></technique_common></source><source id="Boy_LeftHand-Matrix-animation-output-transform"><float_array id="Boy_LeftHand-Matrix-animation-output-transform-array" count="400">

0.983584 0.047786 -0.174009 23.845800 0.090397 0.704097 0.704327 -0.085200 0.156176 -0.708494 0.688219 -0.870900 0.000000 0.000000 0.000000 1.000000
0.989807 0.029649 -0.139297 23.845800 0.062206 0.789849 0.610139 -0.085200 0.128113 -0.612585 0.779953 -0.870900 0.000000 0.000000 0.000000 1.000000
0.994110 0.031089 -0.103820 23.845800 0.023687 0.872480 0.488075 -0.085200 0.105755 -0.487659 0.866605 -0.870900 0.000000 0.000000 0.000000 1.000000
0.995619 0.048992 -0.079637 23.845800 -0.016665 0.931075 0.364448 -0.085200 0.092003 -0.361524 0.927812 -0.870900 0.000000 0.000000 0.000000 1.000000
0.994887 0.070134 -0.072675 23.845800 -0.047718 0.960607 0.273782 -0.085200 0.089014 -0.268914 0.959042 -0.870900 0.000000 0.000000 0.000000 1.000000
