<?xml version="1.0" encoding="utf-8"?>
<COLLADA xmlns="http://www.collada.org/2005/11/COLLADASchema" version="1.4.1">
  <asset>
    <contributor>
      <author>Mixamo</author>
      <authoring_tool>COLLADA Mixamo exporter</authoring_tool>
      <comments/>
    </contributor>
    <created>2018-02-01T05:53:23Z</created>
    <modified>2018-02-01T05:53:23Z</modified>
    <revision/>
    <title/>
    <unit meter="0.010000"/>
    <up_axis>Y_UP</up_axis>
  </asset>
  <library_animations>
    <animation>
      <source id="Boy_Hips-Matrix-animation-input">
        <float_array id="Boy_Hips-Matrix-animation-input-array" count="22">

0.000000 0.033333 0.066667 0.100000 0.133333 0.166667 0.200000 0.233333 0.266667 0.300000 0.333333 0.366667 0.400000 0.433333 0.466667 0.500000
0.533333 0.566667 0.600000 0.633333 0.666667 0.700000</float_array>
        <technique_common>
          <accessor source="#Boy_Hips-Matrix-animation-input-array" count="22">
            <param name="TIME" type="float"/>
          </accessor>
        </technique_common>
      </source>
      <source id="Boy_Hips-Matrix-animation-output-transform">
        <float_array id="Boy_Hips-Matrix-animation-output-transform-array" count="352">

0.994342 0.104379 -0.019749 0.198281 -0.106224 0.974915 -0.195593 73.339874 -0.001162 0.196584 0.980486 0.417033 0.000000 0.000000 0.000000 1.000000
0.999073 0.030968 -0.029907 0.266683 -0.035488 0.985679 -0.164857 74.094940 0.024373 0.165766 0.985864 0.891359 0.000000 0.000000 0.000000 1.000000
0.997524 -0.063994 -0.029178 0.082357 0.057932 0.982851 -0.175066 76.234802 0.039881 0.172942 0.984124 1.343604 0.000000 0.000000 0.000000 1.000000
0.984448 -0.175629 -0.004044 -0.112357 0.172004 0.968295 -0.181160 78.068909 0.035732 0.177647 0.983445 1.412007 0.000000 0.000000 0.000000 1.000000
0.979509 -0.198834 0.032039 -0.139025 0.201306 0.961761 -0.185718 79.756378 0.006113 0.188362 0.982081 1.142305 0.000000 0.000000 0.000000 1.000000
0.988536 -0.145379 0.040755 -0.127915 0.150525 0.969972 -0.191042 80.421677 -0.011758 0.194987 0.980735 0.786645 0.000000 0.000000 0.000000 1.000000
0.994401 -0.100218 0.033524 -0.121261 0.104213 0.982589 -0.153815 80.178688 -0.017525 0.156448 0.987531 0.077273 0.000000 0.000000 0.000000 1.000000
0.996588 -0.046522 0.068176 -0.031148 0.055326 0.989500 -0.133528 78.890945 -0.061248 0.136844 0.988697 -0.339732 0.000000 0.000000 0.000000 1.000000
0.995271 -0.034091 0.090958 -0.019202 0.046732 0.988951 -0.140683 76.560944 -0.085157 0.144269 0.985868 -0.477703 0.000000 0.000000 0.000000 1.000000
0.995016 -0.048502 0.087130 -0.248680 0.063082 0.982852 -0.173272 74.622299 -0.077231 0.177904 0.981012 -0.200490 0.000000 0.000000 0.000000 1.000000
0.995645 -0.057538 0.073354 -0.902374 0.070166 0.980564 -0.183223 72.973869 -0.061386 0.187572 0.980331 0.387289 0.000000 0.000000 0.000000 1.000000
0.997180 0.001028 0.075034 -1.481704 0.012679 0.983222 -0.181972 73.257828 -0.073962 0.182410 0.980437 0.941242 0.000000 0.000000 0.000000 1.000000
0.994139 0.066797 0.084999 -1.355523 -0.049924 0.981077 -0.187073 75.104378 -0.095887 0.181733 0.978662 1.240052 0.000000 0.000000 0.000000 1.000000
0.994100 0.100836 0.039977 -1.128764 -0.091788 0.978377 -0.185345 77.723076 -0.057802 0.180582 0.981860 1.319539 0.000000 0.000000 0.000000 1.000000
0.992451 0.122395 0.007756 -0.721521 -0.119007 0.976401 -0.180218 79.435257 -0.029630 0.177935 0.983596 1.005509 0.000000 0.000000 0.000000 1.000000
0.997886 0.062031 0.019385 -0.738257 -0.057960 0.984366 -0.166325 80.495018 -0.029399 0.164850 0.985880 0.601237 0.000000 0.000000 0.000000 1.000000
0.998580 -0.048981 0.020966 -1.002207 0.051448 0.988746 -0.140481 80.721474 -0.013849 0.141360 0.989861 0.249168 0.000000 0.000000 0.000000 1.000000
0.998803 -0.048495 0.006320 -1.021735 0.048902 0.991726 -0.118689 80.054138 -0.000512 0.118856 0.992911 -0.411732 0.000000 0.000000 0.000000 1.000000
0.999599 -0.008570 -0.026982 -0.841264 0.005424 0.993400 -0.114574 78.588272 0.027786 0.114382 0.993048 -0.755493 0.000000 0.000000 0.000000 1.000000
0.997779 0.057924 -0.032894 -0.303491 -0.061656 0.989999 -0.126886 76.335640 0.025216 0.128632 0.991372 -0.643824 0.000000 0.000000 0.000000 1.000000
0.994411 0.104097 -0.017616 -0.029892 -0.105576 0.979781 -0.169947 74.361610 -0.000432 0.170857 0.985296 -0.256127 0.000000 0.000000 0.000000 1.000000
0.994342 0.104379 -0.019749 0.198284 -0.106224 0.974915 -0.195593 73.339890 -0.001162 0.196584 0.980486 0.417031 0.000000 0.000000 0.000000 1.000000</float_array>
        <technique_common>
          <accessor source="#Boy_Hips-Matrix-animation-output-transform-array" count="22" stride="16">
            <param type="float4x4"/>
          </accessor>
        </technique_common>
      </source>
      <source id="Boy_Hips-Interpolations">
        <Name_array id="Boy_Hips-Interpolations-array" count="22">
 LINEAR LINEAR LINEAR LINEAR LINEAR LINEAR LINEAR LINEAR LINEAR LINEAR LINEAR
LINEAR LINEAR LINEAR LINEAR LINEAR LINEAR LINEAR LINEAR LINEAR LINEAR LINEAR</Name_array>
        <technique_common>
          <accessor source="#Boy_Hips-Interpolations-array" count="22">
            <param type="name"/>
          </accessor>
        </technique_common>
      </source>
      <sampler id="Boy_Hips-Matrix-animation-transform">
        <input semantic="INPUT" source="#Boy_Hips-Matrix-animation-input"/>
        <input semantic="OUTPUT" source="#Boy_Hips-Matrix-animation-output-transform"/>
        <input semantic="INTERPOLATION" source="#Boy_Hips-Interpolations"/>
      </sampler>
      <channel source="#Boy_Hips-Matrix-animation-transform" target="Boy_Hips/matrix"/>
      <source id="Boy_Spine-Matrix-animation-input">
        <float_array id="Boy_Spine-Matrix-animation-input-array" count="22">

0.000000 0.033333 0.066667 0.100000 0.133333 0.166667 0.200000 0.233333 0.266667 0.300000 0.333333 0.366667 0.400000 0.433333 0.466667 0.500000
0.533333 0.566667 0.600000 0.633333 0.666667 0.700000</float_array>
        <technique_common>
          <accessor source="#Boy_Spine-Matrix-animation-input-array" count="22">
            <param name="TIME" type="float"/>
          </accessor>
        </technique_common>
      </source>
      <source id="Boy_Spine-Matrix-animation-output-transform">
        <float_array id="Boy_Spine-Matrix-animation-output-transform-array" count="352">

0.989559 -0.140962 0.030052 0.000000 0.144048 0.974294 -0.173212 7.722000 -0.004864 0.175732 0.984426 1.166200 0.000000 0.000000 0.000000 1.000000
0.992043 -0.049630 0.115704 0.000000 0.070310 0.980752 -0.182159 7.722000 -0.104437 0.188845 0.976438 1.166200 0.000000 0.000000 0.000000 1.000000
0.984053 0.065471 0.165389 0.000000 -0.037027 0.984827 -0.169544 7.722000 -0.173980 0.160717 0.971546 1.166200 0.000000 0.000000 0.000000 1.000000
0.959415 0.205323 0.193300 -0.000000 -0.172312 0.969460 -0.174514 7.722000 -0.223228 0.134123 0.965495 1.166200 0.000000 0.000000 0.000000 1.000000
0.941896 0.238666 0.236368 0.000000 -0.204567 0.965701 -0.159916 7.722000 -0.266427 0.102271 0.958414 1.166200 0.000000 0.000000 0.000000 1.000000
0.943586 0.188249 0.272412 -0.000000 -0.157747 0.978879 -0.130042 7.722000 -0.291138 0.079734 0.953352 1.166200 0.000000 0.000000 0.000000 1.000000
0.957316 0.138185 0.253871 0.000000 -0.107971 0.985699 -0.129384 7.722000 -0.268119 0.096451 0.958545 1.166200 0.000000 0.000000 0.000000 1.000000
0.983624 0.064619 0.168250 -0.000000 -0.044690 0.991810 -0.119651 7.722000 -0.174604 0.110172 0.978456 1.166200 0.000000 0.000000 0.000000 1.000000
0.996058 0.041141 0.078581 -0.000000 -0.031929 0.992842 -0.115084 7.722000 -0.082753 0.112121 0.990243 1.166200 0.000000 0.000000 0.000000 1.000000
0.998615 0.052606 -0.000736 -0.000000 -0.052271 0.990486 -0.127300 7.722000 -0.005967 0.127163 0.991864 1.166200 0.000000 0.000000 0.000000 1.000000
0.994615 0.073183 -0.073383 0.000000 -0.083278 0.985834 -0.145588 7.722000 0.061688 0.150915 0.986620 1.166200 0.000000 0.000000 0.000000 1.000000
0.990128 0.011986 -0.139654 0.000000 -0.034400 0.986644 -0.159215 7.722000 0.135880 0.162448 0.977316 1.166200 0.000000 0.000000 0.000000 1.000000
0.975626 -0.062411 -0.210377 0.000000 0.025653 0.984567 -0.173119 7.722000 0.217934 0.163503 0.962170 1.166200 0.000000 0.000000 0.000000 1.000000
0.960410 -0.104908 -0.258083 0.000000 0.060932 0.983061 -0.172856 7.722000 0.271845 0.150287 0.950534 1.166200 0.000000 0.000000 0.000000 1.000000
0.933841 -0.152314 -0.323637 0.000000 0.098308 0.979252 -0.177205 7.722000 0.343913 0.133665 0.929439 1.166200 0.000000 0.000000 0.000000 1.000000
0.913970 -0.088245 -0.396071 0.000000 0.031010 0.988402 -0.148658 7.722000 0.404596 0.123587 0.906106 1.166200 0.000000 0.000000 0.000000 1.000000
0.904965 0.045964 -0.422997 -0.000000 -0.094192 0.991124 -0.093817 7.722000 0.414930 0.124744 0.901261 1.166200 0.000000 0.000000 0.000000 1.000000
0.920295 0.042708 -0.388887 0.000000 -0.096795 0.987975 -0.120564 7.722000 0.379061 0.148597 0.913363 1.166200 0.000000 0.000000 0.000000 1.000000
0.949569 -0.002012 -0.313553 0.000000 -0.050056 0.986182 -0.157920 7.722000 0.309538 0.165651 0.936347 1.166200 0.000000 0.000000 0.000000 1.000000
0.975303 -0.093151 -0.200267 0.000000 0.055712 0.981150 -0.185044 7.722000 0.213729 0.169317 0.962108 1.166200 0.000000 0.000000 0.000000 1.000000
0.984251 -0.151984 -0.090277 0.000000 0.133687 0.974095 -0.182389 7.722000 0.115659 0.167448 0.979073 1.166200 0.000000 0.000000 0.000000 1.000000
0.989559 -0.140962 0.030052 0.000000 0.144048 0.974294 -0.173212 7.722000 -0.004864 0.175732 0.984426 1.166200 0.000000 0.000000 0.000000 1.000000</float_array>
        <technique_common>
          <accessor source="#Boy_Spine-Matrix-animation-output-transform-array" count="22" stride="16">
            <param type="float4x4"/>
          </accessor>
        </technique_common>
      </source>
      <source id="Boy_Spine-Interpolations">
        <Name_array id="Boy_Spine-Interpolations-array" count="22">
 LINEAR LINEAR LINEAR LINEAR LINEAR LINEAR LINEAR LINEAR LINEAR LINEAR LINEAR
LINEAR LINEAR LINEAR LINEAR LINEAR LINEAR LINEAR LINEAR LINEAR LINEAR LINEAR</Name_array>
        <technique_common>
          <accessor source="#Boy_Spine-Interpolations-array" count="22">
            <param type="name"/>
          </accessor>
        </technique_common>
      </source>
      <sampler id="Boy_Spine-Matrix-animation-transform">
        <input semantic="INPUT" source="#Boy_Spine-Matrix-animation-input"/>
        <input semantic="OUTPUT" source="#Boy_Spine-Matrix-animation-output-transform"/>
        <input semantic="INTERPOLATION" source="#Boy_Spine-Interpolations"/>
      </sampler>
      <channel source="#Boy_Spine-Matrix-animation-transform" target="Boy_Spine/matrix"/>
      <source id="Boy_Spine1-Matrix-animation-input">
        <float_array id="Boy_Spine1-Matrix-animation-input-array" count="22">

0.000000 0.033333 0.066667 0.100000 0.133333 0.166667 0.200000 0.233333 0.266667 0.300000 0.333333 0.366667 0.400000 0.433333 0.466667 0.500000
0.533333 0.566667 0.600000 0.633333 0.666667 0.700000</float_array>
        <technique_common>
          <accessor source="#Boy_Spine1-Matrix-animation-input-array" count="22">
            <param name="TIME" type="float"/>
          </accessor>
        </technique_common>
      </source>
      <source id="Boy_Spine1-Matrix-animation-output-transform">
        <float_array id="Boy_Spine1-Matrix-animation-output-transform-array" count="352">

0.999960 -0.008875 -0.000820 0.000000 0.008840 0.999334 -0.035407 9.600100 0.001134 0.035399 0.999373 0.248800 0.000000 0.000000 0.000000 1.000000
0.998894 -0.003232 0.046910 0.000000 0.005237 0.999075 -0.042680 9.600100 -0.046729 0.042879 0.997987 0.248800 0.000000 0.000000 0.000000 1.000000
0.997285 0.002259 0.073605 0.000000 0.000056 0.999506 -0.031434 9.600100 -0.073639 0.031352 0.996792 0.248800 0.000000 0.000000 0.000000 1.000000
0.996321 0.008578 0.085270 0.000000 -0.006786 0.999751 -0.021280 9.600100 -0.085432 0.020623 0.996131 0.248800 0.000000 0.000000 0.000000 1.000000
0.995111 0.013508 0.097833 -0.000000 -0.012724 0.999882 -0.008637 9.600100 -0.097938 0.007350 0.995165 0.248800 0.000000 0.000000 0.000000 1.000000
0.994503 0.007546 0.104432 -0.000000 -0.007876 0.999965 0.002746 9.600100 -0.104407 -0.003554 0.994528 0.248800 0.000000 0.000000 0.000000 1.000000
0.995413 0.006126 0.095471 -0.000000 -0.005919 0.999979 -0.002452 9.600100 -0.095484 0.001875 0.995429 0.248800 0.000000 0.000000 0.000000 1.000000
0.997214 0.011307 0.073725 0.000000 -0.010929 0.999925 -0.005527 9.600100 -0.073782 0.004705 0.997263 0.248800 0.000000 0.000000 0.000000 1.000000
0.998581 0.018571 0.049914 -0.000000 -0.018372 0.999821 -0.004452 9.600100 -0.049988 0.003529 0.998744 0.248800 0.000000 0.000000 0.000000 1.000000
0.999557 0.024313 0.017183 0.000000 -0.024212 0.999689 -0.006041 9.600100 -0.017324 0.005622 0.999834 0.248800 0.000000 0.000000 0.000000 1.000000
0.999545 0.023977 -0.018274 0.000000 -0.024151 0.999665 -0.009336 9.600100 0.018044 0.009773 0.999789 0.248800 0.000000 0.000000 0.000000 1.000000
0.998369 0.015404 -0.054978 0.000000 -0.016184 0.999774 -0.013772 9.600100 0.054754 0.014639 0.998393 0.248800 0.000000 0.000000 0.000000 1.000000
0.995126 0.004823 -0.098497 0.000000 -0.006521 0.999835 -0.016927 9.600100 0.098400 0.017487 0.994993 0.248800 0.000000 0.000000 0.000000 1.000000
0.991928 -0.003529 -0.126751 0.000000 0.001920 0.999916 -0.012821 9.600100 0.126786 0.012474 0.991852 0.248800 0.000000 0.000000 0.000000 1.000000
0.989353 -0.004775 -0.145460 0.000000 0.003611 0.999959 -0.008266 9.600100 0.145494 0.007653 0.989330 0.248800 0.000000 0.000000 0.000000 1.000000
0.988340 -0.002099 -0.152246 -0.000000 0.000996 0.999973 -0.007325 9.600100 0.152257 0.007088 0.988316 0.248800 0.000000 0.000000 0.000000 1.000000
0.987483 0.004311 -0.157667 0.000000 -0.005535 0.999958 -0.007326 9.600100 0.157629 0.008107 0.987465 0.248800 0.000000 0.000000 0.000000 1.000000
0.988254 0.012581 -0.152302 0.000000 -0.015188 0.999757 -0.015971 9.600100 0.152064 0.018096 0.988205 0.248800 0.000000 0.000000 0.000000 1.000000
0.991430 0.003075 -0.130605 -0.000000 -0.006721 0.999600 -0.027484 9.600100 0.130468 0.028126 0.991053 0.248800 0.000000 0.000000 0.000000 1.000000
0.995155 -0.005722 -0.098150 0.000000 0.002726 0.999527 -0.030635 9.600100 0.098279 0.030219 0.994700 0.248800 0.000000 0.000000 0.000000 1.000000
0.998329 -0.006704 -0.057397 0.000000 0.004925 0.999505 -0.031080 9.600100 0.057577 0.030745 0.997868 0.248800 0.000000 0.000000 0.000000 1.000000
0.999960 -0.008875 -0.000820 0.000000 0.008840 0.999334 -0.035407 9.600100 0.001134 0.035399 0.999373 0.248800 0.000000 0.000000 0.000000 1.000000</float_array>
        <technique_common>
          <accessor source="#Boy_Spine1-Matrix-animation-output-transform-array" count="22" stride="16">
            <param type="float4x4"/>
          </accessor>
        </technique_common>
      </source>
      <source id="Boy_Spine1-Interpolations">
        <Name_array id="Boy_Spine1-Interpolations-array" count="22">
 LINEAR LINEAR LINEAR LINEAR LINEAR LINEAR LINEAR LINEAR LINEAR LINEAR LINEAR
LINEAR LINEAR LINEAR LINEAR LINEAR LINEAR LINEAR LINEAR LINEAR LINEAR LINEAR</Name_array>
        <technique_common>
          <accessor source="#Boy_Spine1-Interpolations-array" count="22">
            <param type="name"/>
          </accessor>
        </technique_common>
      </source>
      <sampler id="Boy_Spine1-Matrix-animation-transform">
        <input semantic="INPUT" source="#Boy_Spine1-Matrix-animation-input"/>
        <input semantic="OUTPUT" source="#Boy_Spine1-Matrix-animation-output-transform"/>
        <input semantic="INTERPOLATION" source="#Boy_Spine1-Interpolations"/>
      </sampler>
      <channel source="#Boy_Spine1-Matrix-animation-transform" target="Boy_Spine1/matrix"/>
      <source id="Boy_Spine2-Matrix-animation-input">
        <float_array id="Boy_Spine2-Matrix-animation-input-array" count="22">

0.000000 0.033333 0.066667 0.100000 0.133333 0.166667 0.200000 0.233333 0.266667 0.300000 0.333333 0.366667 0.400000 0.433333 0.466667 0.500000
0.533333 0.566667 0.600000 0.633333 0.666667 0.700000</float_array>
        <technique_common>
          <accessor source="#Boy_Spine2-Matrix-animation-input-array" count="22">
            <param name="TIME" type="float"/>
          </accessor>
        </technique_common>
      </source>
      <source id="Boy_Spine2-Matrix-animation-output-transform">
        <float_array id="Boy_Spine2-Matrix-animation-output-transform-array" count="352">

0.999994 -0.003256 -0.000917 0.000000 0.003164 0.996209 -0.086933 11.037800 0.001196 0.086930 0.996214 -0.491200 0.000000 0.000000 0.000000 1.000000
0.998873 0.002795 0.047388 0.000000 0.001672 0.995574 -0.093966 11.037800 -0.047441 0.093940 0.994447 -0.491200 0.000000 0.000000 0.000000 1.000000
0.997187 0.008486 0.074473 0.000000 -0.002387 0.996663 -0.081596 11.037800 -0.074917 0.081189 0.993879 -0.491200 0.000000 0.000000 0.000000 1.000000
0.996159 0.015207 0.086229 0.000000 -0.009177 0.997511 -0.069907 11.037800 -0.087078 0.068847 0.993820 -0.491200 0.000000 0.000000 0.000000 1.000000
0.994934 0.020756 0.098367 -0.000000 -0.015252 0.998293 -0.056376 11.037800 -0.099370 0.054590 0.993552 -0.491200 0.000000 0.000000 0.000000 1.000000
0.994388 0.014924 0.104732 0.000000 -0.010225 0.998923 -0.045256 11.037800 -0.105295 0.043931 0.993470 -0.491200 0.000000 0.000000 0.000000 1.000000
0.995305 0.013776 0.095798 -0.000000 -0.008851 0.998626 -0.051646 11.037800 -0.096378 0.050556 0.994060 -0.491200 0.000000 0.000000 0.000000 1.000000
0.997089 0.018863 0.073875 0.000000 -0.014730 0.998317 -0.056096 11.037800 -0.074809 0.054845 0.995689 -0.491200 0.000000 0.000000 0.000000 1.000000
0.998431 0.025587 0.049803 0.000000 -0.022809 0.998194 -0.055565 11.037800 -0.051135 0.054342 0.997212 -0.491200 0.000000 0.000000 0.000000 1.000000
0.999396 0.030387 0.016872 0.000000 -0.029376 0.997927 -0.057263 11.037800 -0.018577 0.056733 0.998217 -0.491200 0.000000 0.000000 0.000000 1.000000
0.999401 0.028848 -0.019107 0.000000 -0.029958 0.997710 -0.060644 11.037800 0.017314 0.061180 0.997977 -0.491200 0.000000 0.000000 0.000000 1.000000
0.998278 0.018613 -0.055627 -0.000000 -0.022218 0.997644 -0.064900 11.037800 0.054288 0.066024 0.996340 -0.491200 0.000000 0.000000 0.000000 1.000000
0.995094 0.007221 -0.098675 0.000000 -0.013927 0.997626 -0.067437 11.037800 0.097954 0.068480 0.992832 -0.491200 0.000000 0.000000 0.000000 1.000000
0.991917 -0.001665 -0.126881 0.000000 -0.006278 0.998045 -0.062177 11.037800 0.126737 0.062471 0.989967 -0.491200 0.000000 0.000000 0.000000 1.000000
0.989318 -0.002574 -0.145748 0.000000 -0.005605 0.998433 -0.055681 11.037800 0.145662 0.055903 0.987754 -0.491200 0.000000 0.000000 0.000000 1.000000
0.988360 0.000606 -0.152135 -0.000000 -0.009045 0.998457 -0.054786 11.037800 0.151867 0.055524 0.986840 -0.491200 0.000000 0.000000 0.000000 1.000000
0.987502 0.007666 -0.157421 0.000000 -0.016625 0.998310 -0.055676 11.037800 0.156729 0.057598 0.985961 -0.491200 0.000000 0.000000 0.000000 1.000000
0.988177 0.016654 -0.152413 0.000000 -0.026664 0.997602 -0.063868 11.037800 0.150984 0.067177 0.986251 -0.491200 0.000000 0.000000 0.000000 1.000000
0.991366 0.007585 -0.130902 0.000000 -0.017632 0.996970 -0.075769 11.037800 0.129931 0.077423 0.988496 -0.491200 0.000000 0.000000 0.000000 1.000000
0.995136 -0.000900 -0.098505 0.000000 -0.006993 0.996790 -0.079752 11.037800 0.098261 0.080053 0.991936 -0.491200 0.000000 0.000000 0.000000 1.000000
0.998328 -0.001264 -0.057783 0.000000 -0.003451 0.996674 -0.081421 11.037800 0.057693 0.081484 0.995003 -0.491200 0.000000 0.000000 0.000000 1.000000
0.999994 -0.003256 -0.000917 0.000000 0.003164 0.996209 -0.086933 11.037800 0.001196 0.086930 0.996214 -0.491200 0.000000 0.000000 0.000000 1.000000</float_array>
        <technique_common>
          <accessor source="#Boy_Spine2-Matrix-animation-output-transform-array" count="22" stride="16">
            <param type="float4x4"/>
          </accessor>
        </technique_common>
      </source>
      <source id="Boy_Spine2-Interpolations">
        <Name_array id="Boy_Spine2-Interpolations-array" count="22">
 LINEAR LINEAR LINEAR LINEAR LINEAR LINEAR LINEAR LINEAR LINEAR LINEAR LINEAR
LINEAR LINEAR LINEAR LINEAR LINEAR LINEAR LINEAR LINEAR LINEAR LINEAR LINEAR</Name_array>
        <technique_common>
          <accessor source="#Boy_Spine2-Interpolations-array" count="22">
            <param type="name"/>
          </accessor>
        </technique_common>
      </source>
      <sampler id="Boy_Spine2-Matrix-animation-transform">
        <input semantic="INPUT" source="#Boy_Spine2-Matrix-animation-input"/>
        <input semantic="OUTPUT" source="#Boy_Spine2-Matrix-animation-output-transform"/>
        <input semantic="INTERPOLATION" source="#Boy_Spine2-Interpolations"/>
      </sampler>
      <channel source="#Boy_Spine2-Matrix-animation-transform" target="Boy_Spine2/matrix"/>
      <source id="Boy_LeftShoulder-Matrix-animation-input">
        <float_array id="Boy_LeftShoulder-Matrix-animation-input-array" count="22">

0.000000 0.033333 0.066667 0.100000 0.133333 0.166667 0.200000 0.233333 0.266667 0.300000 0.333333 0.366667 0.400000 0.433333 0.466667 0.500000
0.533333 0.566667 0.600000 0.633333 0.666667 0.700000</float_array>
        <technique_common>
          <accessor source="#Boy_LeftShoulder-Matrix-animation-input-array" count="22">
            <param name="TIME" type="float"/>
          </accessor>
        </technique_common>
      </source>
      <source id="Boy_LeftShoulder-Matrix-animation-output-transform">
        <float_array id="Boy_LeftShoulder-Matrix-animation-output-transform-array" count="352">

0.984679 0.157311 -0.075232 4.215800 -0.158474 0.987315 -0.009707 16.554399 0.072751 0.021481 0.997119 -4.064700 0.000000 0.000000 0.000000 1.000000
0.987997 0.135574 -0.074045 4.215800 -0.136669 0.990567 -0.009908 16.554399 0.072003 0.019908 0.997206 -4.064700 0.000000 0.000000 0.000000 1.000000
0.994668 0.099293 -0.027850 4.215800 -0.099592 0.994983 -0.009540 16.554399 0.026763 0.012263 0.999567 -4.064700 0.000000 0.000000 0.000000 1.000000
0.998451 0.053508 0.015245 4.215800 -0.053403 0.998547 -0.007222 16.554399 -0.015609 0.006397 0.999858 -4.064700 0.000000 0.000000 0.000000 1.000000
0.999832 -0.013781 0.012121 4.215800 0.013844 0.999891 -0.005090 16.554399 -0.012049 0.005257 0.999914 -4.064700 0.000000 0.000000 0.000000 1.000000
0.998857 -0.047231 0.007316 4.215800 0.047250 0.998880 -0.002406 16.554399 -0.007194 0.002748 0.999970 -4.064700 0.000000 0.000000 0.000000 1.000000
0.998438 -0.053942 0.014553 4.215800 0.053952 0.998543 -0.000315 16.554399 -0.014514 0.001100 0.999894 -4.064700 0.000000 0.000000 0.000000 1.000000
0.999490 -0.030731 -0.008689 4.215800 0.030678 0.999510 -0.006201 16.554399 0.008875 0.005931 0.999943 -4.064700 0.000000 0.000000 0.000000 1.000000
0.996086 0.056363 -0.068082 4.215800 -0.057200 0.998309 -0.010401 16.554399 0.067381 0.014254 0.997625 -4.064700 0.000000 0.000000 0.000000 1.000000
0.975329 0.169536 -0.141392 4.215800 -0.172380 0.984998 -0.008026 16.554399 0.137910 0.032202 0.989921 -4.064700 0.000000 0.000000 0.000000 1.000000
0.966530 0.201701 -0.158543 4.215800 -0.205206 0.978701 -0.005882 16.554399 0.153980 0.038219 0.987335 -4.064700 0.000000 0.000000 0.000000 1.000000
0.966688 0.191565 -0.169756 4.215800 -0.195410 0.980703 -0.006079 16.554399 0.165316 0.039049 0.985467 -4.064700 0.000000 0.000000 0.000000 1.000000
0.974083 0.120140 -0.191648 4.215800 -0.124350 0.992188 -0.010046 16.554399 0.188944 0.033617 0.981412 -4.064700 0.000000 0.000000 0.000000 1.000000
0.984016 0.073156 -0.162362 4.215800 -0.076205 0.997012 -0.012619 16.554399 0.160954 0.024790 0.986650 -4.064700 0.000000 0.000000 0.000000 1.000000
0.991523 0.053341 -0.118479 4.215800 -0.055173 0.998402 -0.012233 16.554399 0.117637 0.018666 0.992881 -4.064700 0.000000 0.000000 0.000000 1.000000
0.995122 0.031245 -0.093576 4.215800 -0.032488 0.999403 -0.011786 16.554399 0.093152 0.014769 0.995542 -4.064700 0.000000 0.000000 0.000000 1.000000
0.996520 0.012390 -0.082423 4.215800 -0.013384 0.999844 -0.011516 16.554399 0.082267 0.012579 0.996531 -4.064700 0.000000 0.000000 0.000000 1.000000
0.996353 0.013835 -0.084200 4.215800 -0.014864 0.999822 -0.011608 16.554399 0.084025 0.012817 0.996381 -4.064700 0.000000 0.000000 0.000000 1.000000
0.995207 0.052277 -0.082642 4.215800 -0.053367 0.998514 -0.011033 16.554399 0.081942 0.015391 0.996518 -4.064700 0.000000 0.000000 0.000000 1.000000
0.989943 0.110341 -0.088536 4.215800 -0.111681 0.993691 -0.010311 16.554399 0.086840 0.020095 0.996020 -4.064700 0.000000 0.000000 0.000000 1.000000
0.988706 0.132451 -0.070124 4.215800 -0.133467 0.991003 -0.009994 16.554399 0.068169 0.019240 0.997488 -4.064700 0.000000 0.000000 0.000000 1.000000
0.984679 0.157311 -0.075232 4.215800 -0.158474 0.987315 -0.009707 16.554399 0.072751 0.021481 0.997119 -4.064700 0.000000 0.000000 0.000000 1.000000</float_array>
        <technique_common>
          <accessor source="#Boy_LeftShoulder-Matrix-animation-output-transform-array" count="22" stride="16">
            <param type="float4x4"/>
          </accessor>
        </technique_common>
      </source>
      <source id="Boy_LeftShoulder-Interpolations">
        <Name_array id="Boy_LeftShoulder-Interpolations-array" count="22">
 LINEAR LINEAR LINEAR LINEAR LINEAR LINEAR LINEAR LINEAR LINEAR LINEAR LINEAR
LINEAR LINEAR LINEAR LINEAR LINEAR LINEAR LINEAR LINEAR LINEAR LINEAR LINEAR</Name_array>
        <technique_common>
          <accessor source="#Boy_LeftShoulder-Interpolations-array" count="22">
            <param type="name"/>
          </accessor>
        </technique_common>
      </source>
      <sampler id="Boy_LeftShoulder-Matrix-animation-transform">
        <input semantic="INPUT" source="#Boy_LeftShoulder-Matrix-animation-input"/>
        <input semantic="OUTPUT" source="#Boy_LeftShoulder-Matrix-animation-output-transform"/>
        <input semantic="INTERPOLATION" source="#Boy_LeftShoulder-Interpolations"/>
      </sampler>
      <channel source="#Boy_LeftShoulder-Matrix-animation-transform" target="Boy_LeftShoulder/matrix"/>
      <source id="Boy_LeftArm-Matrix-animation-input">
        <float_array id="Boy_LeftArm-Matrix-animation-input-array" count="22">

0.000000 0.033333 0.066667 0.100000 0.133333 0.166667 0.200000 0.233333 0.266667 0.300000 0.333333 0.366667 0.400000 0.433333 0.466667 0.500000
0.533333 0.566667 0.600000 0.633333 0.666667 0.700000</float_array>
        <technique_common>
          <accessor source="#Boy_LeftArm-Matrix-animation-input-array" count="22">
            <param name="TIME" type="float"/>
          </accessor>
        </technique_common>
      </source>
      <source id="Boy_LeftArm-Matrix-animation-output-transform">
        <float_array id="Boy_LeftArm-Matrix-animation-output-transform-array" count="352">

0.698249 0.697847 -0.159554 5.300700 -0.715796 0.677776 -0.168096 0.663200 -0.009164 0.231582 0.972772 -1.709300 0.000000 0.000000 0.000000 1.000000
0.725908 0.675514 -0.129380 5.300700 -0.682319 0.683592 -0.259119 0.663200 -0.086596 0.276375 0.957141 -1.709300 0.000000 0.000000 0.000000 1.000000
0.753084 0.642050 -0.143654 5.300700 -0.636764 0.656347 -0.404649 0.663200 -0.165519 0.396208 0.903118 -1.709300 0.000000 0.000000 0.000000 1.000000
0.787624 0.595038 -0.159935 5.300700 -0.579623 0.627477 -0.519914 0.663200 -0.209013 0.502199 0.839113 -1.709300 0.000000 0.000000 0.000000 1.000000
0.791960 0.580406 -0.189547 5.300700 -0.557396 0.560550 -0.612449 0.663200 -0.249218 0.590688 0.767449 -1.709300 0.000000 0.000000 0.000000 1.000000
0.787445 0.586785 -0.188717 5.300700 -0.539946 0.508994 -0.670360 0.663200 -0.297301 0.629769 0.717637 -1.709300 0.000000 0.000000 0.000000 1.000000
0.761489 0.630122 -0.151924 5.300700 -0.542049 0.490549 -0.682309 0.663200 -0.355412 0.601921 0.715104 -1.709300 0.000000 0.000000 0.000000 1.000000
0.716274 0.690927 -0.097838 5.300700 -0.576311 0.506653 -0.641224 0.663200 -0.393469 0.515677 0.761091 -1.709300 0.000000 0.000000 0.000000 1.000000
0.710012 0.703990 -0.016768 5.300700 -0.607765 0.600590 -0.519532 0.663200 -0.355675 0.379065 0.854286 -1.709300 0.000000 0.000000 0.000000 1.000000
0.751202 0.657799 0.054747 5.300700 -0.630258 0.739445 -0.236634 0.663200 -0.196140 0.143255 0.970055 -1.709300 0.000000 0.000000 0.000000 1.000000
0.726464 0.685585 -0.047162 5.300700 -0.671486 0.722768 0.163439 0.663200 0.146139 -0.087064 0.985425 -1.709300 0.000000 0.000000 0.000000 1.000000
0.653692 0.751576 -0.088431 5.300700 -0.655936 0.620994 0.429085 0.663200 0.377405 -0.222484 0.898925 -1.709300 0.000000 0.000000 0.000000 1.000000
0.637467 0.767217 -0.070808 5.300700 -0.645987 0.582294 0.493593 0.663200 0.419924 -0.268909 0.866806 -1.709300 0.000000 0.000000 0.000000 1.000000
0.658069 0.739524 -0.141598 5.300700 -0.621792 0.639793 0.451707 0.663200 0.424642 -0.209210 0.880858 -1.709300 0.000000 0.000000 0.000000 1.000000
0.734133 0.646496 -0.207585 5.300700 -0.568959 0.752555 0.331583 0.663200 0.370586 -0.125319 0.920305 -1.709300 0.000000 0.000000 0.000000 1.000000
0.808867 0.528947 -0.256806 5.300700 -0.484812 0.847084 0.217727 0.663200 0.332702 -0.051610 0.941619 -1.709300 0.000000 0.000000 0.000000 1.000000
0.839993 0.487999 -0.237212 5.300700 -0.474868 0.872677 0.113735 0.663200 0.262512 0.017108 0.964777 -1.709300 0.000000 0.000000 0.000000 1.000000
0.820709 0.540223 -0.185999 5.300700 -0.541520 0.839301 0.048274 0.663200 0.182188 0.061103 0.981363 -1.709300 0.000000 0.000000 0.000000 1.000000
0.767219 0.623305 -0.151213 5.300700 -0.633277 0.773536 -0.024554 0.663200 0.101664 0.114598 0.988196 -1.709300 0.000000 0.000000 0.000000 1.000000
0.703594 0.692707 -0.158472 5.300700 -0.709343 0.697929 -0.098629 0.663200 0.042282 0.181806 0.982425 -1.709300 0.000000 0.000000 0.000000 1.000000
0.663891 0.725165 -0.182713 5.300700 -0.747526 0.650473 -0.134500 0.663200 0.021315 0.225876 0.973923 -1.709300 0.000000 0.000000 0.000000 1.000000
0.698249 0.697847 -0.159554 5.300700 -0.715796 0.677775 -0.168097 0.663200 -0.009164 0.231581 0.972772 -1.709300 0.000000 0.000000 0.000000 1.000000</float_array>
        <technique_common>
          <accessor source="#Boy_LeftArm-Matrix-animation-output-transform-array" count="22" stride="16">
            <param type="float4x4"/>
          </accessor>
        </technique_common>
      </source>
      <source id="Boy_LeftArm-Interpolations">
        <Name_array id="Boy_LeftArm-Interpolations-array" count="22">
 LINEAR LINEAR LINEAR LINEAR LINEAR LINEAR LINEAR LINEAR LINEAR LINEAR LINEAR
LINEAR LINEAR LINEAR LINEAR LINEAR LINEAR LINEAR LINEAR LINEAR LINEAR LINEAR</Name_array>
        <technique_common>
          <accessor source="#Boy_LeftArm-Interpolations-array" count="22">
            <param type="name"/>
          </accessor>
        </technique_common>
      </source>
      <sampler id="Boy_LeftArm-Matrix-animation-transform">
        <input semantic="INPUT" source="#Boy_LeftArm-Matrix-animation-input"/>
        <input semantic="OUTPUT" source="#Boy_LeftArm-Matrix-animation-output-transform"/>
        <input semantic="INTERPOLATION" source="#Boy_LeftArm-Interpolations"/>
      </sampler>
      <channel source="#Boy_LeftArm-Matrix-animation-transform" target="Boy_LeftArm/matrix"/>
      <source id="Boy_LeftForeArm-Matrix-animation-input">
        <float_array id="Boy_LeftForeArm-Matrix-animation-input-array" count="22">

0.000000 0.033333 0.066667 0.100000 0.133333 0.166667 0.200000 0.233333 0.266667 0.300000 0.333333 0.366667 0.400000 0.433333 0.466667 0.500000
0.533333 0.566667 0.600000 0.633333 0.666667 0.700000</float_array>
        <technique_common>
          <accessor source="#Boy_LeftForeArm-Matrix-animation-input-array" count="22">
            <param name="TIME" type="float"/>
          </accessor>
        </technique_common>
      </source>
      <source id="Boy_LeftForeArm-Matrix-animation-output-transform">
        <float_array id="Boy_LeftForeArm-Matrix-animation-output-transform-array" count="352">

0.110069 0.219798 -0.969316 21.769300 0.221644 0.945256 0.239511 -0.634000 0.968896 -0.241206 0.055326 -2.041100 0.000000 0.000000 0.000000 1.000000
0.301636 0.176510 -0.936942 21.769300 0.172454 0.956403 0.235695 -0.634000 0.937697 -0.232674 0.258046 -2.041100 0.000000 0.000000 0.000000 1.000000
0.368329 0.161512 -0.915559 21.769300 0.155108 0.960316 0.231807 -0.634000 0.916665 -0.227392 0.328660 -2.041100 0.000000 0.000000 0.000000 1.000000
0.385859 0.157576 -0.909001 21.769300 0.150529 0.961347 0.230548 -0.634000 0.910195 -0.225790 0.347224 -2.041100 0.000000 0.000000 0.000000 1.000000
0.406026 0.153053 -0.900954 21.769300 0.145249 0.962535 0.228972 -0.634000 0.902245 -0.223831 0.368583 -2.041100 0.000000 0.000000 0.000000 1.000000
0.392097 0.156177 -0.906570 21.769300 0.148897 0.961715 0.230075 -0.634000 0.907794 -0.225197 0.353831 -2.041100 0.000000 0.000000 0.000000 1.000000
0.310460 0.174523 -0.934428 21.769300 0.170165 0.956920 0.235261 -0.634000 0.935232 -0.232047 0.267388 -2.041100 0.000000 0.000000 0.000000 1.000000
0.168812 0.206493 -0.963776 21.769300 0.206655 0.948660 0.239451 -0.634000 0.963741 -0.239592 0.117472 -2.041100 0.000000 0.000000 0.000000 1.000000
0.049879 0.233458 -0.971087 21.769300 0.236917 0.941780 0.238582 -0.634000 0.970249 -0.241967 -0.008335 -2.041100 0.000000 0.000000 0.000000 1.000000
0.015066 0.241372 -0.970316 21.769300 0.245712 0.939775 0.237590 -0.634000 0.969226 -0.241998 -0.045149 -2.041100 0.000000 0.000000 0.000000 1.000000
0.114630 0.218762 -0.969022 21.769300 0.220483 0.945520 0.239539 -0.634000 0.968632 -0.241111 0.060152 -2.041100 0.000000 0.000000 0.000000 1.000000
0.198688 0.199736 -0.959494 21.769300 0.199001 0.950396 0.239051 -0.634000 0.959647 -0.238436 0.149085 -2.041100 0.000000 0.000000 0.000000 1.000000
0.078458 0.226968 -0.970737 21.769300 0.229676 0.943429 0.239146 -0.634000 0.970100 -0.241718 0.021890 -2.041100 0.000000 0.000000 0.000000 1.000000
-0.088341 0.264935 -0.960211 21.769300 0.271664 0.933844 0.232666 -0.634000 0.958329 -0.240301 -0.154470 -2.041100 0.000000 0.000000 0.000000 1.000000
-0.255695 0.303254 -0.917964 21.769300 0.313103 0.924327 0.218142 -0.634000 0.914651 -0.231639 -0.331296 -2.041100 0.000000 0.000000 0.000000 1.000000
-0.351889 0.325394 -0.877663 21.769300 0.336574 0.918907 0.205739 -0.634000 0.873437 -0.223001 -0.432872 -2.041100 0.000000 0.000000 0.000000 1.000000
-0.421429 0.341459 -0.840121 21.769300 0.353358 0.915015 0.194644 -0.634000 0.835186 -0.214835 -0.506271 -2.041100 0.000000 0.000000 0.000000 1.000000
-0.435713 0.344766 -0.831439 21.769300 0.356785 0.914218 0.192120 -0.634000 0.826353 -0.212936 -0.521344 -2.041100 0.000000 0.000000 0.000000 1.000000
-0.400497 0.336618 -0.852227 21.769300 0.348324 0.916184 0.198188 -0.634000 0.847510 -0.217477 -0.484181 -2.041100 0.000000 0.000000 0.000000 1.000000
-0.287442 0.310551 -0.906054 21.769300 0.320880 0.922534 0.214402 -0.634000 0.902448 -0.229106 -0.364825 -2.041100 0.000000 0.000000 0.000000 1.000000
-0.097362 0.266995 -0.958767 21.769300 0.273916 0.933328 0.232095 -0.634000 0.956813 -0.240025 -0.164005 -2.041100 0.000000 0.000000 0.000000 1.000000
0.110069 0.219798 -0.969316 21.769300 0.221644 0.945256 0.239511 -0.634000 0.968896 -0.241206 0.055327 -2.041100 0.000000 0.000000 0.000000 1.000000</float_array>
        <technique_common>
          <accessor source="#Boy_LeftForeArm-Matrix-animation-output-transform-array" count="22" stride="16">
            <param type="float4x4"/>
          </accessor>
        </technique_common>
      </source>
      <source id="Boy_LeftForeArm-Interpolations">
        <Name_array id="Boy_LeftForeArm-Interpolations-array" count="22">
 LINEAR LINEAR LINEAR LINEAR LINEAR LINEAR LINEAR LINEAR LINEAR LINEAR LINEAR
LINEAR LINEAR LINEAR LINEAR LINEAR LINEAR LINEAR LINEAR LINEAR LINEAR LINEAR</Name_array>
        <technique_common>
          <accessor source="#Boy_LeftForeArm-Interpolations-array" count="22">
            <param type="name"/>
          </accessor>
        </technique_common>
      </source>
      <sampler id="Boy_LeftForeArm-Matrix-animation-transform">
        <input semantic="INPUT" source="#Boy_LeftForeArm-Matrix-animation-input"/>
        <input semantic="OUTPUT" source="#Boy_LeftForeArm-Matrix-animation-output-transform"/>
        <input semantic="INTERPOLATION" source="#Boy_LeftForeArm-Interpolations"/>
      </sampler>
      <channel source="#Boy_LeftForeArm-Matrix-animation-transform" target="Boy_LeftForeArm/matrix"/>
      <source id="Boy_LeftHand-Matrix-animation-input">
        <float_array id="Boy_LeftHand-Matrix-animation-input-array" count="22">

0.000000 0.033333 0.066667 0.100000 0.133333 0.166667 0.200000 0.233333 0.266667 0.300000 0.333333 0.366667 0.400000 0.433333 0.466667 0.500000
0.533333 0.566667 0.600000 0.633333 0.666667 0.700000</float_array>
        <technique_common>
          <accessor source="#Boy_LeftHand-Matrix-animation-input-array" count="22">
            <param name="TIME" type="float"/>
          </accessor>
        </technique_common>
      </source>
      <source id="Boy_LeftHand-Matrix-animation-output-transform">
        <float_array id="Boy_LeftHand-Matrix-animation-output-transform-array" count="352">

0.978245 -0.206488 -0.020006 23.845800 0.197023 0.954916 -0.222076 -0.085200 0.064960 0.213303 0.974824 -0.870900 0.000000 0.000000 0.000000 1.000000
0.983355 -0.145221 -0.109194 23.845800 0.131651 0.983681 -0.122639 -0.085200 0.125221 0.106222 0.986426 -0.870900 0.000000 0.000000 0.000000 1.000000
0.976263 -0.189482 -0.104911 23.845800 0.183462 0.980914 -0.064416 -0.085200 0.115115 0.043640 0.992393 -0.870900 0.000000 0.000000 0.000000 1.000000
0.971508 -0.194610 -0.135275 23.845800 0.189204 0.980568 -0.051856 -0.085200 0.142738 0.024783 0.989450 -0.870900 0.000000 0.000000 0.000000 1.000000
0.953925 -0.245244 -0.172864 23.845800 0.235676 0.968996 -0.074183 -0.085200 0.185698 0.030025 0.982148 -0.870900 0.000000 0.000000 0.000000 1.000000
0.944454 -0.269112 -0.188639 23.845800 0.255909 0.962349 -0.091629 -0.085200 0.206195 0.038265 0.977762 -0.870900 0.000000 0.000000 0.000000 1.000000
0.957375 -0.245630 -0.151981 23.845800 0.227624 0.965492 -0.126542 -0.085200 0.177819 0.086554 0.980249 -0.870900 0.000000 0.000000 0.000000 1.000000
0.979391 -0.178726 -0.094076 23.845800 0.163361 0.974881 -0.151391 -0.085200 0.118770 0.132903 0.983987 -0.870900 0.000000 0.000000 0.000000 1.000000
0.995007 -0.090096 -0.042942 23.845800 0.084769 0.989983 -0.112907 -0.085200 0.052684 0.108703 0.992677 -0.870900 0.000000 0.000000 0.000000 1.000000
0.999867 0.012976 -0.009911 23.845800 -0.013291 0.999388 -0.032343 -0.085200 0.009485 0.032470 0.999428 -0.870900 0.000000 0.000000 0.000000 1.000000
0.992996 -0.117707 -0.010212 23.845800 0.115124 0.983379 -0.140403 -0.085200 0.026569 0.138244 0.990042 -0.870900 0.000000 0.000000 0.000000 1.000000
0.993400 -0.109898 0.032854 23.845800 0.114096 0.976177 -0.184554 -0.085200 -0.011790 0.187084 0.982273 -0.870900 0.000000 0.000000 0.000000 1.000000
0.993234 -0.106816 -0.045561 23.845800 0.102157 0.990260 -0.094596 -0.085200 0.055222 0.089301 0.994473 -0.870900 0.000000 0.000000 0.000000 1.000000
0.978231 -0.206028 0.024825 23.845800 0.206826 0.977730 -0.035604 -0.085200 -0.016937 0.039963 0.999058 -0.870900 0.000000 0.000000 0.000000 1.000000
0.941657 -0.313983 0.121230 23.845800 0.312030 0.949417 0.035271 -0.085200 -0.126172 0.004614 0.991998 -0.870900 0.000000 0.000000 0.000000 1.000000
0.936153 -0.338252 0.095937 23.845800 0.334122 0.940820 0.056752 -0.085200 -0.109456 -0.021074 0.993768 -0.870900 0.000000 0.000000 0.000000 1.000000
0.945794 -0.301536 0.120623 23.845800 0.299127 0.953455 0.038034 -0.085200 -0.126477 0.000109 0.991970 -0.870900 0.000000 0.000000 0.000000 1.000000
