<?xml version="1.0" encoding="utf-8"?>
<COLLADA xmlns="http://www.collada.org/2005/11/COLLADASchema" version="1.4.1">
  <asset>
    <contributor>
      <author>Mixamo</author>
      <authoring_tool>COLLADA Mixamo exporter</authoring_tool>
      <comments/>
    </contributor>
    <created>2018-01-30T03:10:01Z</created>
    <modified>2018-01-30T03:10:01Z</modified>
    <revision/>
    <title/>
    <unit meter="0.010000"/>
    <up_axis>Y_UP</up_axis>
  </asset>
  <library_animations>
    <animation>
      <source id="Boy_Hips-Matrix-animation-input">
        <float_array id="Boy_Hips-Matrix-animation-input-array" count="27">

0.000000 0.033333 0.066667 0.100000 0.133333 0.166667 0.200000 0.233333 0.266667 0.300000 0.333333 0.366667 0.400000 0.433333 0.466667 0.500000
0.533333 0.566667 0.600000 0.633333 0.666667 0.700000 0.733333 0.766667 0.800000 0.833333 0.866667</float_array>
        <technique_common>
          <accessor source="#Boy_Hips-Matrix-animation-input-array" count="27">
            <param name="TIME" type="float"/>
          </accessor>
        </technique_common>
      </source>
      <source id="Boy_Hips-Matrix-animation-output-transform">
        <float_array id="Boy_Hips-Matrix-animation-output-transform-array" count="432">

0.995181 -0.058875 0.078411 0.352794 0.060259 0.998064 -0.015394 78.073044 -0.077353 0.020045 0.996802 -0.540672 0.000000 0.000000 0.000000 1.000000
0.995541 -0.044914 0.082952 -0.093879 0.046213 0.998836 -0.013806 77.677475 -0.082235 0.017578 0.996458 4.284175 0.000000 0.000000 0.000000 1.000000
0.996993 -0.024548 0.073505 -0.592826 0.025367 0.999626 -0.010225 77.304459 -0.073227 0.012059 0.997242 8.867547 0.000000 0.000000 0.000000 1.000000
0.998512 0.002566 0.054468 -1.048437 -0.002290 0.999984 -0.005137 77.174316 -0.054481 0.005005 0.998502 13.073981 0.000000 0.000000 0.000000 1.000000
0.999004 0.023896 0.037684 -1.465785 -0.023837 0.999714 -0.002027 77.373245 -0.037721 0.001127 0.999288 17.205347 0.000000 0.000000 0.000000 1.000000
0.998955 0.031464 0.033145 -1.828898 -0.031330 0.999499 -0.004568 78.062103 -0.033272 0.003525 0.999440 21.479992 0.000000 0.000000 0.000000 1.000000
0.998919 0.027294 0.037638 -2.071607 -0.026852 0.999565 -0.012207 79.005951 -0.037955 0.011184 0.999217 25.867365 0.000000 0.000000 0.000000 1.000000
0.999246 0.018938 0.033895 -2.130579 -0.018179 0.999580 -0.022552 79.844849 -0.034307 0.021919 0.999171 30.241007 0.000000 0.000000 0.000000 1.000000
0.999927 0.010105 0.006675 -2.018401 -0.009859 0.999306 -0.035915 80.411682 -0.007034 0.035847 0.999333 34.531269 0.000000 0.000000 0.000000 1.000000
0.999199 0.000843 -0.040007 -1.800001 -0.002946 0.998614 -0.052547 80.728973 0.039907 0.052623 0.997817 38.712040 0.000000 0.000000 0.000000 1.000000
0.996241 -0.004617 -0.086499 -1.520659 -0.001218 0.997733 -0.067290 80.663597 0.086613 0.067142 0.993977 42.816284 0.000000 0.000000 0.000000 1.000000
0.992950 -0.001108 -0.118530 -1.202333 -0.007614 0.997295 -0.073103 80.117691 0.118291 0.073490 0.990256 46.944050 0.000000 0.000000 0.000000 1.000000
0.990322 0.005233 -0.138688 -0.898056 -0.015132 0.997403 -0.070417 79.265953 0.137959 0.071834 0.987830 51.214329 0.000000 0.000000 0.000000 1.000000
0.987699 0.003171 -0.156338 -0.658900 -0.013620 0.997739 -0.065810 78.554276 0.155776 0.067130 0.985509 55.599365 0.000000 0.000000 0.000000 1.000000
0.985020 -0.013644 -0.171897 -0.459825 0.003029 0.998080 -0.061867 78.217155 0.172411 0.060420 0.983170 60.136425 0.000000 0.000000 0.000000 1.000000
0.983128 -0.043000 -0.177793 -0.238444 0.033736 0.997927 -0.054801 78.079376 0.179781 0.047878 0.982541 64.747520 0.000000 0.000000 0.000000 1.000000
0.980567 -0.089733 -0.174462 -0.033547 0.083435 0.995580 -0.043122 77.531174 0.177560 0.027728 0.983719 69.034897 0.000000 0.000000 0.000000 1.000000
0.976921 -0.127074 -0.171690 0.211511 0.123138 0.991826 -0.033431 77.142456 0.174535 0.011517 0.984584 73.090958 0.000000 0.000000 0.000000 1.000000
0.973800 -0.143861 -0.176120 0.415063 0.140219 0.989570 -0.033021 77.296753 0.179033 0.007460 0.983815 77.293793 0.000000 0.000000 0.000000 1.000000
0.973416 -0.140497 -0.180894 0.515306 0.135564 0.989984 -0.039418 77.957756 0.184621 0.013847 0.982712 81.635971 0.000000 0.000000 0.000000 1.000000
0.977178 -0.125423 -0.171444 0.499399 0.119620 0.991853 -0.043812 78.837151 0.175542 0.022304 0.984219 86.012100 0.000000 0.000000 0.000000 1.000000
0.984345 -0.106641 -0.140333 0.418071 0.101688 0.993928 -0.042024 79.580406 0.143962 0.027096 0.989212 90.295258 0.000000 0.000000 0.000000 1.000000
0.991656 -0.087937 -0.094265 0.355005 0.084789 0.995715 -0.036904 79.966576 0.097106 0.028603 0.994863 94.462418 0.000000 0.000000 0.000000 1.000000
0.996307 -0.072488 -0.046027 0.351891 0.071049 0.996954 -0.032163 79.877922 0.048218 0.028774 0.998422 98.543983 0.000000 0.000000 0.000000 1.000000
0.998054 -0.062318 -0.002245 0.385169 0.062232 0.997673 -0.027864 79.347191 0.003977 0.027670 0.999609 102.572586 0.000000 0.000000 0.000000 1.000000
0.997538 -0.058822 0.038191 0.392115 0.059705 0.997965 -0.022391 78.619453 -0.036796 0.024616 0.999020 106.608139 0.000000 0.000000 0.000000 1.000000
0.995233 -0.057532 0.078748 0.353577 0.058917 0.998145 -0.015373 77.985046 -0.077718 0.019940 0.996776 110.667023 0.000000 0.000000 0.000000 1.000000</float_array>
        <technique_common>
          <accessor source="#Boy_Hips-Matrix-animation-output-transform-array" count="27" stride="16">
            <param type="float4x4"/>
          </accessor>
        </technique_common>
      </source>
      <source id="Boy_Hips-Interpolations">
        <Name_array id="Boy_Hips-Interpolations-array" count="27">
 LINEAR LINEAR LINEAR LINEAR LINEAR LINEAR LINEAR LINEAR LINEAR LINEAR LINEAR
LINEAR LINEAR LINEAR LINEAR LINEAR LINEAR LINEAR LINEAR LINEAR LINEAR LINEAR LINEAR
LINEAR LINEAR LINEAR LINEAR</Name_array>
        <technique_common>
          <accessor source="#Boy_Hips-Interpolations-array" count="27">
            <param type="name"/>
          </accessor>
        </technique_common>
      </source>
      <sampler id="Boy_Hips-Matrix-animation-transform">
        <input semantic="INPUT" source="#Boy_Hips-Matrix-animation-input"/>
        <input semantic="OUTPUT" source="#Boy_Hips-Matrix-animation-output-transform"/>
        <input semantic="INTERPOLATION" source="#Boy_Hips-Interpolations"/>
      </sampler>
      <channel source="#Boy_Hips-Matrix-animation-transform" target="Boy_Hips/matrix"/>
      <source id="Boy_Spine-Matrix-animation-input">
        <float_array id="Boy_Spine-Matrix-animation-input-array" count="27">

0.000000 0.033333 0.066667 0.100000 0.133333 0.166667 0.200000 0.233333 0.266667 0.300000 0.333333 0.366667 0.400000 0.433333 0.466667 0.500000
0.533333 0.566667 0.600000 0.633333 0.666667 0.700000 0.733333 0.766667 0.800000 0.833333 0.866667</float_array>
        <technique_common>
          <accessor source="#Boy_Spine-Matrix-animation-input-array" count="27">
            <param name="TIME" type="float"/>
          </accessor>
        </technique_common>
      </source>
      <source id="Boy_Spine-Matrix-animation-output-transform">
        <float_array id="Boy_Spine-Matrix-animation-output-transform-array" count="432">

0.999580 0.010131 -0.027166 0.000000 -0.010916 0.999522 -0.028912 7.722000 0.026860 0.029196 0.999213 1.166200 0.000000 0.000000 0.000000 1.000000
0.999565 0.004666 -0.029130 -0.000000 -0.005550 0.999525 -0.030313 7.722000 0.028975 0.030462 0.999116 1.166200 0.000000 0.000000 0.000000 1.000000
0.999530 -0.002628 -0.030539 -0.000000 0.001682 0.999519 -0.030962 7.722000 0.030606 0.030897 0.999054 1.166200 0.000000 0.000000 0.000000 1.000000
0.999502 -0.010081 -0.029904 0.000000 0.009170 0.999494 -0.030447 7.722000 0.030196 0.030157 0.999089 1.166200 0.000000 0.000000 0.000000 1.000000
0.999450 -0.016354 -0.028853 -0.000000 0.015460 0.999403 -0.030910 7.722000 0.029341 0.030447 0.999106 1.166200 0.000000 0.000000 0.000000 1.000000
0.999432 -0.019725 -0.027308 0.000000 0.018857 0.999320 -0.031690 7.722000 0.027914 0.031157 0.999125 1.166200 0.000000 0.000000 0.000000 1.000000
0.999474 -0.019681 -0.025777 0.000000 0.018860 0.999319 -0.031730 7.722000 0.026383 0.031227 0.999164 1.166200 0.000000 0.000000 0.000000 1.000000
0.999566 -0.018861 -0.022633 0.000000 0.018166 0.999368 -0.030552 7.722000 0.023195 0.030128 0.999277 1.166200 0.000000 0.000000 0.000000 1.000000
0.999709 -0.018624 -0.015311 0.000000 0.018193 0.999448 -0.027790 7.722000 0.015820 0.027503 0.999497 1.166200 0.000000 0.000000 0.000000 1.000000
0.999820 -0.018417 -0.004476 -0.000000 0.018307 0.999557 -0.023485 7.722000 0.004906 0.023399 0.999714 1.166200 0.000000 0.000000 0.000000 1.000000
0.999762 -0.020846 0.006362 0.000000 0.020960 0.999609 -0.018517 7.722000 -0.005974 0.018646 0.999808 1.166200 0.000000 0.000000 0.000000 1.000000
0.999510 -0.027759 0.014452 -0.000000 0.027962 0.999510 -0.014067 7.722000 -0.014054 0.014464 0.999797 1.166200 0.000000 0.000000 0.000000 1.000000
0.999372 -0.030182 0.018539 -0.000000 0.030399 0.999471 -0.011534 7.722000 -0.018182 0.012090 0.999762 1.166200 0.000000 0.000000 0.000000 1.000000
0.999624 -0.020494 0.018223 0.000000 0.020709 0.999717 -0.011674 7.722000 -0.017978 0.012047 0.999766 1.166200 0.000000 0.000000 0.000000 1.000000
0.999894 -0.003321 0.014184 -0.000000 0.003511 0.999904 -0.013392 7.722000 -0.014138 0.013441 0.999810 1.166200 0.000000 0.000000 0.000000 1.000000
0.999895 0.011410 0.008977 -0.000000 -0.011274 0.999823 -0.015059 7.722000 -0.009148 0.014956 0.999846 1.166200 0.000000 0.000000 0.000000 1.000000
0.999318 0.036260 0.006947 -0.000000 -0.036137 0.999202 -0.016990 7.722000 -0.007558 0.016728 0.999832 1.166200 0.000000 0.000000 0.000000 1.000000
0.998199 0.059325 0.008955 0.000000 -0.059143 0.998062 -0.019363 7.722000 -0.010086 0.018798 0.999772 1.166200 0.000000 0.000000 0.000000 1.000000
0.997038 0.075941 0.012144 0.000000 -0.075672 0.996906 -0.021258 7.722000 -0.013720 0.020276 0.999700 1.166200 0.000000 0.000000 0.000000 1.000000
0.996605 0.081209 0.013587 -0.000000 -0.080900 0.996482 -0.021880 7.722000 -0.015316 0.020707 0.999668 1.166200 0.000000 0.000000 0.000000 1.000000
0.996970 0.076911 0.011651 0.000000 -0.076646 0.996822 -0.021723 7.722000 -0.013284 0.020764 0.999696 1.166200 0.000000 0.000000 0.000000 1.000000
0.997627 0.068599 0.005830 0.000000 -0.068459 0.997424 -0.021416 7.722000 -0.007284 0.020966 0.999754 1.166200 0.000000 0.000000 0.000000 1.000000
0.998282 0.058532 -0.002600 0.000000 -0.058574 0.998057 -0.021256 7.722000 0.001350 0.021372 0.999771 1.166200 0.000000 0.000000 0.000000 1.000000
0.998849 0.046583 -0.011444 0.000000 -0.046827 0.998660 -0.022054 7.722000 0.010401 0.022565 0.999691 1.166200 0.000000 0.000000 0.000000 1.000000
0.999261 0.033032 -0.019640 0.000000 -0.033510 0.999138 -0.024516 7.722000 0.018813 0.025156 0.999506 1.166200 0.000000 0.000000 0.000000 1.000000
0.999489 0.020690 -0.024378 -0.000000 -0.021343 0.999412 -0.026827 7.722000 0.023809 0.027333 0.999343 1.166200 0.000000 0.000000 0.000000 1.000000
0.999584 0.008772 -0.027466 -0.000000 -0.009567 0.999535 -0.028949 7.722000 0.027199 0.029200 0.999203 1.166200 0.000000 0.000000 0.000000 1.000000</float_array>
        <technique_common>
          <accessor source="#Boy_Spine-Matrix-animation-output-transform-array" count="27" stride="16">
            <param type="float4x4"/>
          </accessor>
        </technique_common>
      </source>
      <source id="Boy_Spine-Interpolations">
        <Name_array id="Boy_Spine-Interpolations-array" count="27">
 LINEAR LINEAR LINEAR LINEAR LINEAR LINEAR LINEAR LINEAR LINEAR LINEAR LINEAR
LINEAR LINEAR LINEAR LINEAR LINEAR LINEAR LINEAR LINEAR LINEAR LINEAR LINEAR LINEAR
LINEAR LINEAR LINEAR LINEAR</Name_array>
        <technique_common>
          <accessor source="#Boy_Spine-Interpolations-array" count="27">
            <param type="name"/>
          </accessor>
        </technique_common>
      </source>
      <sampler id="Boy_Spine-Matrix-animation-transform">
        <input semantic="INPUT" source="#Boy_Spine-Matrix-animation-input"/>
        <input semantic="OUTPUT" source="#Boy_Spine-Matrix-animation-output-transform"/>
        <input semantic="INTERPOLATION" source="#Boy_Spine-Interpolations"/>
      </sampler>
      <channel source="#Boy_Spine-Matrix-animation-transform" target="Boy_Spine/matrix"/>
      <source id="Boy_Spine1-Matrix-animation-input">
        <float_array id="Boy_Spine1-Matrix-animation-input-array" count="27">

0.000000 0.033333 0.066667 0.100000 0.133333 0.166667 0.200000 0.233333 0.266667 0.300000 0.333333 0.366667 0.400000 0.433333 0.466667 0.500000
0.533333 0.566667 0.600000 0.633333 0.666667 0.700000 0.733333 0.766667 0.800000 0.833333 0.866667</float_array>
        <technique_common>
          <accessor source="#Boy_Spine1-Matrix-animation-input-array" count="27">
            <param name="TIME" type="float"/>
          </accessor>
        </technique_common>
      </source>
      <source id="Boy_Spine1-Matrix-animation-output-transform">
        <float_array id="Boy_Spine1-Matrix-animation-output-transform-array" count="432">

0.996790 0.021277 -0.077183 0.000000 -0.025657 0.998089 -0.056214 9.600100 0.075839 0.058014 0.995431 0.248800 0.000000 0.000000 0.000000 1.000000
0.996187 0.012810 -0.086295 0.000000 -0.017922 0.998113 -0.058722 9.600100 0.085380 0.060045 0.994538 0.248800 0.000000 0.000000 0.000000 1.000000
0.995895 0.005020 -0.090374 -0.000000 -0.010518 0.998116 -0.060453 9.600100 0.089900 0.061155 0.994071 0.248800 0.000000 0.000000 0.000000 1.000000
0.996472 -0.000869 -0.083924 0.000000 -0.004303 0.998103 -0.061419 9.600100 0.083818 0.061564 0.994578 0.248800 0.000000 0.000000 0.000000 1.000000
0.997196 -0.002946 -0.074775 -0.000000 -0.001807 0.997986 -0.063411 9.600100 0.074811 0.063368 0.995182 0.248800 0.000000 0.000000 0.000000 1.000000
0.997721 -0.000286 -0.067468 0.000000 -0.004066 0.997919 -0.064355 9.600100 0.067346 0.064483 0.995644 0.248800 0.000000 0.000000 0.000000 1.000000
0.998106 0.005509 -0.061271 0.000000 -0.009378 0.997967 -0.063047 9.600100 0.060799 0.063502 0.996128 0.248800 0.000000 0.000000 0.000000 1.000000
0.998632 0.012550 -0.050770 0.000000 -0.015571 0.998104 -0.059550 9.600100 0.049926 0.060259 0.996933 0.248800 0.000000 0.000000 0.000000 1.000000
0.999286 0.020383 -0.031825 0.000000 -0.022079 0.998304 -0.053862 9.600100 0.030673 0.054526 0.998041 0.248800 0.000000 0.000000 0.000000 1.000000
0.999564 0.028522 -0.007585 0.000000 -0.028845 0.998497 -0.046611 9.600100 0.006244 0.046809 0.998884 0.248800 0.000000 0.000000 0.000000 1.000000
0.999292 0.035096 0.013524 -0.000000 -0.034532 0.998606 -0.039913 9.600100 -0.014906 0.039418 0.999112 0.248800 0.000000 0.000000 0.000000 1.000000
0.998911 0.038373 0.026548 0.000000 -0.037417 0.998664 -0.035636 9.600100 -0.027880 0.034604 0.999012 0.248800 0.000000 0.000000 0.000000 1.000000
0.998630 0.039471 0.034357 0.000000 -0.038309 0.998692 -0.033849 9.600100 -0.035648 0.032486 0.998836 0.248800 0.000000 0.000000 0.000000 1.000000
0.998238 0.041991 0.041916 0.000000 -0.040604 0.998616 -0.033421 9.600100 -0.043261 0.031660 0.998562 0.248800 0.000000 0.000000 0.000000 1.000000
0.997577 0.049536 0.048851 0.000000 -0.047919 0.998282 -0.033727 9.600100 -0.050438 0.031305 0.998236 0.248800 0.000000 0.000000 0.000000 1.000000
0.996726 0.062976 0.050705 0.000000 -0.061229 0.997499 -0.035313 9.600100 -0.052802 0.032093 0.998089 0.248800 0.000000 0.000000 0.000000 1.000000
0.995769 0.079369 0.046310 0.000000 -0.077600 0.996228 -0.038821 9.600100 -0.049217 0.035063 0.998172 0.248800 0.000000 0.000000 0.000000 1.000000
0.994933 0.092188 0.040127 0.000000 -0.090474 0.994986 -0.042626 9.600100 -0.043856 0.038780 0.998285 0.248800 0.000000 0.000000 0.000000 1.000000
0.994699 0.096212 0.036292 0.000000 -0.094580 0.994531 -0.044300 9.600100 -0.040356 0.040633 0.998359 0.248800 0.000000 0.000000 0.000000 1.000000
0.995225 0.091773 0.033242 0.000000 -0.090289 0.994956 -0.043704 9.600100 -0.037085 0.040494 0.998491 0.248800 0.000000 0.000000 0.000000 1.000000
0.996208 0.083072 0.025864 0.000000 -0.081920 0.995719 -0.042807 9.600100 -0.029309 0.040526 0.998749 0.248800 0.000000 0.000000 0.000000 1.000000
0.997260 0.073090 0.011408 0.000000 -0.072544 0.996456 -0.042584 9.600100 -0.014480 0.041639 0.999028 0.248800 0.000000 0.000000 0.000000 1.000000
0.998016 0.062426 -0.008209 0.000000 -0.062722 0.997110 -0.042873 9.600100 0.005509 0.043303 0.999047 0.248800 0.000000 0.000000 0.000000 1.000000
0.998260 0.051214 -0.029234 0.000000 -0.052490 0.997621 -0.044689 9.600100 0.026875 0.046146 0.998573 0.248800 0.000000 0.000000 0.000000 1.000000
0.997966 0.040015 -0.049619 0.000000 -0.042462 0.997882 -0.049287 9.600100 0.047542 0.051293 0.997551 0.248800 0.000000 0.000000 0.000000 1.000000
0.997465 0.030390 -0.064336 0.000000 -0.033827 0.998021 -0.053014 9.600100 0.062598 0.055056 0.996519 0.248800 0.000000 0.000000 0.000000 1.000000
0.996790 0.021277 -0.077183 0.000000 -0.025657 0.998089 -0.056214 9.600100 0.075839 0.058014 0.995431 0.248800 0.000000 0.000000 0.000000 1.000000</float_array>
        <technique_common>
          <accessor source="#Boy_Spine1-Matrix-animation-output-transform-array" count="27" stride="16">
            <param type="float4x4"/>
          </accessor>
        </technique_common>
      </source>
      <source id="Boy_Spine1-Interpolations">
        <Name_array id="Boy_Spine1-Interpolations-array" count="27">
 LINEAR LINEAR LINEAR LINEAR LINEAR LINEAR LINEAR LINEAR LINEAR LINEAR LINEAR
LINEAR LINEAR LINEAR LINEAR LINEAR LINEAR LINEAR LINEAR LINEAR LINEAR LINEAR LINEAR
LINEAR LINEAR LINEAR LINEAR</Name_array>
        <technique_common>
          <accessor source="#Boy_Spine1-Interpolations-array" count="27">
            <param type="name"/>
          </accessor>
        </technique_common>
      </source>
      <sampler id="Boy_Spine1-Matrix-animation-transform">
        <input semantic="INPUT" source="#Boy_Spine1-Matrix-animation-input"/>
        <input semantic="OUTPUT" source="#Boy_Spine1-Matrix-animation-output-transform"/>
        <input semantic="INTERPOLATION" source="#Boy_Spine1-Interpolations"/>
      </sampler>
      <channel source="#Boy_Spine1-Matrix-animation-transform" target="Boy_Spine1/matrix"/>
      <source id="Boy_Spine2-Matrix-animation-input">
        <float_array id="Boy_Spine2-Matrix-animation-input-array" count="27">

0.000000 0.033333 0.066667 0.100000 0.133333 0.166667 0.200000 0.233333 0.266667 0.300000 0.333333 0.366667 0.400000 0.433333 0.466667 0.500000
0.533333 0.566667 0.600000 0.633333 0.666667 0.700000 0.733333 0.766667 0.800000 0.833333 0.866667</float_array>
        <technique_common>
          <accessor source="#Boy_Spine2-Matrix-animation-input-array" count="27">
            <param name="TIME" type="float"/>
          </accessor>
        </technique_common>
      </source>
      <source id="Boy_Spine2-Matrix-animation-output-transform">
        <float_array id="Boy_Spine2-Matrix-animation-output-transform-array" count="432">

0.996790 0.021366 -0.077155 -0.000000 -0.025749 0.998083 -0.056273 11.037800 0.075805 0.058080 0.995430 -0.491200 0.000000 0.000000 0.000000 1.000000
0.996193 0.012922 -0.086215 0.000000 -0.018038 0.998105 -0.058834 11.037800 0.085292 0.060165 0.994538 -0.491200 0.000000 0.000000 0.000000 1.000000
0.995903 0.005094 -0.090281 0.000000 -0.010596 0.998107 -0.060574 11.037800 0.089802 0.061282 0.994072 -0.491200 0.000000 0.000000 0.000000 1.000000
0.996474 -0.000949 -0.083900 -0.000000 -0.004224 0.998101 -0.061453 11.037800 0.083799 0.061591 0.994577 -0.491200 0.000000 0.000000 0.000000 1.000000
0.997193 -0.003110 -0.074811 0.000000 -0.001641 0.997989 -0.063367 11.037800 0.074858 0.063312 0.995182 -0.491200 0.000000 0.000000 0.000000 1.000000
0.997718 -0.000415 -0.067525 -0.000000 -0.003936 0.997923 -0.064297 11.037800 0.067411 0.064416 0.995644 -0.491200 0.000000 0.000000 0.000000 1.000000
0.998104 0.005461 -0.061304 0.000000 -0.009331 0.997968 -0.063024 11.037800 0.060835 0.063476 0.996127 -0.491200 0.000000 0.000000 0.000000 1.000000
0.998634 0.012561 -0.050727 0.000000 -0.015581 0.998102 -0.059583 11.037800 0.049883 0.060292 0.996934 -0.491200 0.000000 0.000000 0.000000 1.000000
0.999290 0.020402 -0.031679 0.000000 -0.022092 0.998300 -0.053933 11.037800 0.030525 0.054595 0.998042 -0.491200 0.000000 0.000000 0.000000 1.000000
0.999566 0.028523 -0.007371 0.000000 -0.028837 0.998495 -0.046646 11.037800 0.006029 0.046839 0.998884 -0.491200 0.000000 0.000000 0.000000 1.000000
0.999289 0.035127 0.013723 0.000000 -0.034556 0.998609 -0.039830 11.037800 -0.015103 0.039327 0.999112 -0.491200 0.000000 0.000000 0.000000 1.000000
0.998902 0.038511 0.026666 0.000000 -0.037557 0.998667 -0.035405 11.037800 -0.027994 0.034365 0.999017 -0.491200 0.000000 0.000000 0.000000 1.000000
0.998619 0.039723 0.034387 0.000000 -0.038571 0.998693 -0.033528 11.037800 -0.035673 0.032156 0.998846 -0.491200 0.000000 0.000000 0.000000 1.000000
0.998228 0.042261 0.041895 -0.000000 -0.040887 0.998615 -0.033117 11.037800 -0.043236 0.031346 0.998573 -0.491200 0.000000 0.000000 0.000000 1.000000
0.997569 0.049740 0.048802 0.000000 -0.048136 0.998279 -0.033509 11.037800 -0.050385 0.031078 0.998246 -0.491200 0.000000 0.000000 0.000000 1.000000
0.996721 0.063133 0.050606 0.000000 -0.061397 0.997494 -0.035160 11.037800 -0.052699 0.031937 0.998100 -0.491200 0.000000 0.000000 0.000000 1.000000
0.995765 0.079511 0.046148 0.000000 -0.077753 0.996221 -0.038705 11.037800 -0.049051 0.034953 0.998185 -0.491200 0.000000 0.000000 0.000000 1.000000
0.994930 0.092295 0.039944 0.000000 -0.090591 0.994978 -0.042562 11.037800 -0.043672 0.038728 0.998295 -0.491200 0.000000 0.000000 0.000000 1.000000
0.994699 0.096261 0.036153 -0.000000 -0.094634 0.994526 -0.044305 11.037800 -0.040220 0.040649 0.998364 -0.491200 0.000000 0.000000 0.000000 1.000000
0.995227 0.091780 0.033164 0.000000 -0.090297 0.994953 -0.043753 11.037800 -0.037012 0.040550 0.998492 -0.491200 0.000000 0.000000 0.000000 1.000000
0.996210 0.083064 0.025802 -0.000000 -0.081913 0.995718 -0.042860 11.037800 -0.029252 0.040584 0.998748 -0.491200 0.000000 0.000000 0.000000 1.000000
0.997262 0.073083 0.011310 0.000000 -0.072540 0.996455 -0.042604 11.037800 -0.014384 0.041667 0.999028 -0.491200 0.000000 0.000000 0.000000 1.000000
0.998015 0.062420 -0.008347 -0.000000 -0.062722 0.997111 -0.042847 11.037800 0.005648 0.043285 0.999047 -0.491200 0.000000 0.000000 0.000000 1.000000
0.998256 0.051209 -0.029374 0.000000 -0.052489 0.997624 -0.044631 11.037800 0.027018 0.046095 0.998572 -0.491200 0.000000 0.000000 0.000000 1.000000
0.997961 0.040015 -0.049724 -0.000000 -0.042465 0.997884 -0.049227 11.037800 0.047649 0.051238 0.997549 -0.491200 0.000000 0.000000 0.000000 1.000000
0.997461 0.030430 -0.064379 -0.000000 -0.033868 0.998020 -0.053006 11.037800 0.062638 0.055052 0.996517 -0.491200 0.000000 0.000000 0.000000 1.000000
0.996790 0.021366 -0.077155 -0.000000 -0.025749 0.998083 -0.056273 11.037800 0.075805 0.058079 0.995430 -0.491200 0.000000 0.000000 0.000000 1.000000</float_array>
        <technique_common>
          <accessor source="#Boy_Spine2-Matrix-animation-output-transform-array" count="27" stride="16">
            <param type="float4x4"/>
          </accessor>
        </technique_common>
      </source>
      <source id="Boy_Spine2-Interpolations">
        <Name_array id="Boy_Spine2-Interpolations-array" count="27">
 LINEAR LINEAR LINEAR LINEAR LINEAR LINEAR LINEAR LINEAR LINEAR LINEAR LINEAR
LINEAR LINEAR LINEAR LINEAR LINEAR LINEAR LINEAR LINEAR LINEAR LINEAR LINEAR LINEAR
LINEAR LINEAR LINEAR LINEAR</Name_array>
        <technique_common>
          <accessor source="#Boy_Spine2-Interpolations-array" count="27">
            <param type="name"/>
          </accessor>
        </technique_common>
      </source>
      <sampler id="Boy_Spine2-Matrix-animation-transform">
        <input semantic="INPUT" source="#Boy_Spine2-Matrix-animation-input"/>
        <input semantic="OUTPUT" source="#Boy_Spine2-Matrix-animation-output-transform"/>
        <input semantic="INTERPOLATION" source="#Boy_Spine2-Interpolations"/>
      </sampler>
      <channel source="#Boy_Spine2-Matrix-animation-transform" target="Boy_Spine2/matrix"/>
      <source id="Boy_LeftShoulder-Matrix-animation-input">
        <float_array id="Boy_LeftShoulder-Matrix-animation-input-array" count="27">

0.000000 0.033333 0.066667 0.100000 0.133333 0.166667 0.200000 0.233333 0.266667 0.300000 0.333333 0.366667 0.400000 0.433333 0.466667 0.500000
0.533333 0.566667 0.600000 0.633333 0.666667 0.700000 0.733333 0.766667 0.800000 0.833333 0.866667</float_array>
        <technique_common>
          <accessor source="#Boy_LeftShoulder-Matrix-animation-input-array" count="27">
            <param name="TIME" type="float"/>
          </accessor>
        </technique_common>
      </source>
      <source id="Boy_LeftShoulder-Matrix-animation-output-transform">
        <float_array id="Boy_LeftShoulder-Matrix-animation-output-transform-array" count="432">

0.975090 0.195745 -0.104321 4.215800 -0.198208 0.980064 -0.013689 16.554399 0.099562 0.034025 0.994449 -4.064700 0.000000 0.000000 0.000000 1.000000
0.974806 0.197850 -0.103001 4.215800 -0.200287 0.979641 -0.013771 16.554399 0.098180 0.034053 0.994586 -4.064700 0.000000 0.000000 0.000000 1.000000
0.974663 0.199349 -0.101451 4.215800 -0.201745 0.979340 -0.013827 16.554399 0.096599 0.033944 0.994744 -4.064700 0.000000 0.000000 0.000000 1.000000
0.974771 0.199542 -0.100026 4.215800 -0.201890 0.979311 -0.013823 16.554399 0.095198 0.033669 0.994889 -4.064700 0.000000 0.000000 0.000000 1.000000
0.974674 0.199883 -0.100284 4.215800 -0.202243 0.979238 -0.013839 16.554399 0.095435 0.033770 0.994863 -4.064700 0.000000 0.000000 0.000000 1.000000
0.974412 0.200862 -0.100873 4.215800 -0.203251 0.979028 -0.013882 16.554399 0.095969 0.034029 0.994802 -4.064700 0.000000 0.000000 0.000000 1.000000
0.974606 0.200828 -0.099047 4.215800 -0.203153 0.979049 -0.013866 16.554399 0.094187 0.033635 0.994986 -4.064700 0.000000 0.000000 0.000000 1.000000
0.975631 0.198291 -0.093943 4.215800 -0.200421 0.979614 -0.013716 16.554399 0.089309 0.032210 0.995483 -4.064700 0.000000 0.000000 0.000000 1.000000
0.976828 0.194811 -0.088635 4.215800 -0.196741 0.980363 -0.013496 16.554399 0.084265 0.030621 0.995973 -4.064700 0.000000 0.000000 0.000000 1.000000
0.977158 0.193596 -0.087651 4.215800 -0.195485 0.980615 -0.013426 16.554399 0.083353 0.030253 0.996061 -4.064700 0.000000 0.000000 0.000000 1.000000
0.976446 0.195011 -0.092328 4.215800 -0.197062 0.980297 -0.013551 16.554399 0.087866 0.031426 0.995636 -4.064700 0.000000 0.000000 0.000000 1.000000
0.975553 0.195955 -0.099489 4.215800 -0.198252 0.980056 -0.013655 16.554399 0.094829 0.033045 0.994945 -4.064700 0.000000 0.000000 0.000000 1.000000
0.975433 0.193989 -0.104400 4.215800 -0.196438 0.980422 -0.013611 16.554399 0.099715 0.033785 0.994442 -4.064700 0.000000 0.000000 0.000000 1.000000
0.976238 0.189826 -0.104525 4.215800 -0.192241 0.981256 -0.013446 16.554399 0.100014 0.033220 0.994431 -4.064700 0.000000 0.000000 0.000000 1.000000
0.977364 0.185720 -0.101327 4.215800 -0.187988 0.982082 -0.013232 16.554399 0.097054 0.031981 0.994765 -4.064700 0.000000 0.000000 0.000000 1.000000
0.978064 0.183368 -0.098833 4.215800 -0.185532 0.982551 -0.013089 16.554399 0.094708 0.031138 0.995018 -4.064700 0.000000 0.000000 0.000000 1.000000
0.977948 0.183544 -0.099641 4.215800 -0.185736 0.982512 -0.013109 16.554399 0.095493 0.031327 0.994937 -4.064700 0.000000 0.000000 0.000000 1.000000
0.977217 0.185944 -0.102331 4.215800 -0.188248 0.982032 -0.013251 16.554399 0.098029 0.032212 0.994662 -4.064700 0.000000 0.000000 0.000000 1.000000
0.976584 0.188603 -0.103506 4.215800 -0.190971 0.981505 -0.013376 16.554399 0.099069 0.032829 0.994539 -4.064700 0.000000 0.000000 0.000000 1.000000
0.976660 0.189002 -0.102046 4.215800 -0.191324 0.981436 -0.013379 16.554399 0.097623 0.032590 0.994690 -4.064700 0.000000 0.000000 0.000000 1.000000
0.977238 0.186959 -0.100260 4.215800 -0.189202 0.981849 -0.013269 16.554399 0.095959 0.031937 0.994873 -4.064700 0.000000 0.000000 0.000000 1.000000
0.977544 0.185105 -0.100718 4.215800 -0.187347 0.982205 -0.013190 16.554399 0.096484 0.031763 0.994828 -4.064700 0.000000 0.000000 0.000000 1.000000
0.977189 0.185633 -0.103157 4.215800 -0.187962 0.982087 -0.013245 16.554399 0.098851 0.032332 0.994577 -4.064700 0.000000 0.000000 0.000000 1.000000
0.976490 0.188063 -0.105357 4.215800 -0.190490 0.981598 -0.013374 16.554399 0.100903 0.033129 0.994345 -4.064700 0.000000 0.000000 0.000000 1.000000
0.975889 0.190773 -0.106045 4.215800 -0.193250 0.981057 -0.013496 16.554399 0.101461 0.033663 0.994270 -4.064700 0.000000 0.000000 0.000000 1.000000
0.975471 0.193282 -0.105349 4.215800 -0.195758 0.980558 -0.013593 16.554399 0.100673 0.033882 0.994342 -4.064700 0.000000 0.000000 0.000000 1.000000
0.975090 0.195745 -0.104321 4.215800 -0.198208 0.980064 -0.013689 16.554399 0.099562 0.034025 0.994449 -4.064700 0.000000 0.000000 0.000000 1.000000</float_array>
        <technique_common>
          <accessor source="#Boy_LeftShoulder-Matrix-animation-output-transform-array" count="27" stride="16">
            <param type="float4x4"/>
          </accessor>
        </technique_common>
      </source>
      <source id="Boy_LeftShoulder-Interpolations">
        <Name_array id="Boy_LeftShoulder-Interpolations-array" count="27">
 LINEAR LINEAR LINEAR LINEAR LINEAR LINEAR LINEAR LINEAR LINEAR LINEAR LINEAR
LINEAR LINEAR LINEAR LINEAR LINEAR LINEAR LINEAR LINEAR LINEAR LINEAR LINEAR LINEAR
LINEAR LINEAR LINEAR LINEAR</Name_array>
        <technique_common>
          <accessor source="#Boy_LeftShoulder-Interpolations-array" count="27">
            <param type="name"/>
          </accessor>
        </technique_common>
      </source>
      <sampler id="Boy_LeftShoulder-Matrix-animation-transform">
        <input semantic="INPUT" source="#Boy_LeftShoulder-Matrix-animation-input"/>
        <input semantic="OUTPUT" source="#Boy_LeftShoulder-Matrix-animation-output-transform"/>
        <input semantic="INTERPOLATION" source="#Boy_LeftShoulder-Interpolations"/>
      </sampler>
      <channel source="#Boy_LeftShoulder-Matrix-animation-transform" target="Boy_LeftShoulder/matrix"/>
      <source id="Boy_LeftArm-Matrix-animation-input">
        <float_array id="Boy_LeftArm-Matrix-animation-input-array" count="27">

0.000000 0.033333 0.066667 0.100000 0.133333 0.166667 0.200000 0.233333 0.266667 0.300000 0.333333 0.366667 0.400000 0.433333 0.466667 0.500000
0.533333 0.566667 0.600000 0.633333 0.666667 0.700000 0.733333 0.766667 0.800000 0.833333 0.866667</float_array>
        <technique_common>
          <accessor source="#Boy_LeftArm-Matrix-animation-input-array" count="27">
            <param name="TIME" type="float"/>
          </accessor>
        </technique_common>
      </source>
      <source id="Boy_LeftArm-Matrix-animation-output-transform">
        <float_array id="Boy_LeftArm-Matrix-animation-output-transform-array" count="432">

0.584139 0.777489 -0.233008 5.300700 -0.708558 0.628501 0.320831 0.663200 0.395889 -0.022310 0.918027 -1.709300 0.000000 0.000000 0.000000 1.000000
0.588367 0.771805 -0.241124 5.300700 -0.688280 0.634541 0.351608 0.663200 0.424376 -0.040913 0.904561 -1.709300 0.000000 0.000000 0.000000 1.000000
0.591182 0.775561 -0.221380 5.300700 -0.686401 0.627928 0.366824 0.663200 0.423505 -0.064905 0.903566 -1.709300 0.000000 0.000000 0.000000 1.000000
0.585201 0.797303 -0.147813 5.300700 -0.723465 0.595693 0.348924 0.663200 0.366249 -0.097253 0.925421 -1.709300 0.000000 0.000000 0.000000 1.000000
0.569965 0.817663 -0.081045 5.300700 -0.762148 0.562956 0.319706 0.663200 0.307036 -0.120453 0.944044 -1.709300 0.000000 0.000000 0.000000 1.000000
0.556206 0.829763 -0.046138 5.300700 -0.788154 0.544291 0.287332 0.663200 0.263530 -0.123452 0.956719 -1.709300 0.000000 0.000000 0.000000 1.000000
0.548551 0.835247 -0.038132 5.300700 -0.802360 0.538684 0.256978 0.663200 0.235181 -0.110370 0.965665 -1.709300 0.000000 0.000000 0.000000 1.000000
0.543910 0.838421 -0.034816 5.300700 -0.811006 0.535873 0.234754 0.663200 0.215479 -0.099449 0.971431 -1.709300 0.000000 0.000000 0.000000 1.000000
0.540304 0.841375 -0.012661 5.300700 -0.818471 0.528970 0.224267 0.663200 0.195390 -0.110810 0.974445 -1.709300 0.000000 0.000000 0.000000 1.000000
0.539509 0.841001 0.040585 5.300700 -0.825993 0.519302 0.219229 0.663200 0.163296 -0.151799 0.974829 -1.709300 0.000000 0.000000 0.000000 1.000000
0.541013 0.832480 0.119509 5.300700 -0.834009 0.512759 0.203731 0.663200 0.108323 -0.209893 0.971705 -1.709300 0.000000 0.000000 0.000000 1.000000
0.538650 0.816936 0.206086 5.300700 -0.842133 0.514531 0.161464 0.663200 0.025868 -0.260524 0.965121 -1.709300 0.000000 0.000000 0.000000 1.000000
0.525645 0.802369 0.282667 5.300700 -0.847171 0.523972 0.088062 0.663200 -0.077452 -0.285757 0.955167 -1.709300 0.000000 0.000000 0.000000 1.000000
0.501690 0.795579 0.339648 5.300700 -0.845602 0.533813 -0.001358 0.663200 -0.182389 -0.286526 0.940551 -1.709300 0.000000 0.000000 0.000000 1.000000
0.475856 0.796209 0.373648 5.300700 -0.839348 0.538034 -0.077554 0.663200 -0.262784 -0.276716 0.924323 -1.709300 0.000000 0.000000 0.000000 1.000000
0.463198 0.799189 0.383073 5.300700 -0.834460 0.538882 -0.115248 0.663200 -0.298536 -0.266277 0.916500 -1.709300 0.000000 0.000000 0.000000 1.000000
0.473398 0.801297 0.365812 5.300700 -0.833515 0.541808 -0.108154 0.663200 -0.284863 -0.253709 0.924383 -1.709300 0.000000 0.000000 0.000000 1.000000
0.500454 0.803628 0.322066 5.300700 -0.834544 0.546783 -0.067560 0.663200 -0.230394 -0.234968 0.944303 -1.709300 0.000000 0.000000 0.000000 1.000000
0.527040 0.809089 0.260009 5.300700 -0.836238 0.548257 -0.010991 0.663200 -0.151444 -0.211637 0.965544 -1.709300 0.000000 0.000000 0.000000 1.000000
0.540156 0.819287 0.192356 5.300700 -0.838893 0.542387 0.045552 0.663200 -0.067011 -0.185971 0.980267 -1.709300 0.000000 0.000000 0.000000 1.000000
0.540434 0.832043 0.125042 5.300700 -0.841357 0.533165 0.088624 0.663200 0.007071 -0.153101 0.988185 -1.709300 0.000000 0.000000 0.000000 1.000000
0.537993 0.841187 0.054477 5.300700 -0.840337 0.530121 0.113165 0.663200 0.066314 -0.106661 0.992082 -1.709300 0.000000 0.000000 0.000000 1.000000
0.542241 0.839952 -0.021366 5.300700 -0.831302 0.540006 0.131646 0.663200 0.122114 -0.053622 0.991067 -1.709300 0.000000 0.000000 0.000000 1.000000
0.554848 0.826337 -0.096490 5.300700 -0.809455 0.562990 0.166810 0.663200 0.192165 -0.014450 0.981256 -1.709300 0.000000 0.000000 0.000000 1.000000
0.569810 0.804638 -0.166955 5.300700 -0.771595 0.593764 0.228222 0.663200 0.282768 -0.001221 0.959188 -1.709300 0.000000 0.000000 0.000000 1.000000
0.578170 0.789777 -0.204873 5.300700 -0.739300 0.613325 0.277971 0.663200 0.345189 -0.009252 0.938488 -1.709300 0.000000 0.000000 0.000000 1.000000
0.584139 0.777489 -0.233009 5.300700 -0.708558 0.628501 0.320831 0.663200 0.395889 -0.022310 0.918027 -1.709300 0.000000 0.000000 0.000000 1.000000</float_array>
        <technique_common>
          <accessor source="#Boy_LeftArm-Matrix-animation-output-transform-array" count="27" stride="16">
            <param type="float4x4"/>
          </accessor>
        </technique_common>
      </source>
      <source id="Boy_LeftArm-Interpolations">
        <Name_array id="Boy_LeftArm-Interpolations-array" count="27">
 LINEAR LINEAR LINEAR LINEAR LINEAR LINEAR LINEAR LINEAR LINEAR LINEAR LINEAR
LINEAR LINEAR LINEAR LINEAR LINEAR LINEAR LINEAR LINEAR LINEAR LINEAR LINEAR LINEAR
LINEAR LINEAR LINEAR LINEAR</Name_array>
        <technique_common>
          <accessor source="#Boy_LeftArm-Interpolations-array" count="27">
            <param type="name"/>
          </accessor>
        </technique_common>
      </source>
      <sampler id="Boy_LeftArm-Matrix-animation-transform">
        <input semantic="INPUT" source="#Boy_LeftArm-Matrix-animation-input"/>
        <input semantic="OUTPUT" source="#Boy_LeftArm-Matrix-animation-output-transform"/>
        <input semantic="INTERPOLATION" source="#Boy_LeftArm-Interpolations"/>
      </sampler>
      <channel source="#Boy_LeftArm-Matrix-animation-transform" target="Boy_LeftArm/matrix"/>
      <source id="Boy_LeftForeArm-Matrix-animation-input">
        <float_array id="Boy_LeftForeArm-Matrix-animation-input-array" count="27">

0.000000 0.033333 0.066667 0.100000 0.133333 0.166667 0.200000 0.233333 0.266667 0.300000 0.333333 0.366667 0.400000 0.433333 0.466667 0.500000
0.533333 0.566667 0.600000 0.633333 0.666667 0.700000 0.733333 0.766667 0.800000 0.833333 0.866667</float_array>
        <technique_common>
          <accessor source="#Boy_LeftForeArm-Matrix-animation-input-array" count="27">
            <param name="TIME" type="float"/>
          </accessor>
        </technique_common>
      </source>
      <source id="Boy_LeftForeArm-Matrix-animation-output-transform">
        <float_array id="Boy_LeftForeArm-Matrix-animation-output-transform-array" count="432">

0.736075 0.027095 -0.676357 21.769300 -0.017361 0.999626 0.021151 -0.634000 0.676677 -0.003826 0.736270 -2.041100 0.000000 0.000000 0.000000 1.000000
0.687583 0.027321 -0.725591 21.769300 -0.015921 0.999619 0.022552 -0.634000 0.725931 -0.003954 0.687756 -2.041100 0.000000 0.000000 0.000000 1.000000
0.656919 0.027461 -0.753461 21.769300 -0.015012 0.999615 0.023343 -0.634000 0.753812 -0.004023 0.657078 -2.041100 0.000000 0.000000 0.000000 1.000000
0.670535 0.027399 -0.741371 21.769300 -0.015416 0.999617 0.023000 -0.634000 0.741717 -0.003993 0.670701 -2.041100 0.000000 0.000000 0.000000 1.000000
0.710780 0.027213 -0.702888 21.769300 -0.016609 0.999622 0.021906 -0.634000 0.703219 -0.003896 0.710963 -2.041100 0.000000 0.000000 0.000000 1.000000
0.772011 0.026922 -0.635039 21.769300 -0.018431 0.999631 0.019972 -0.634000 0.635342 -0.003714 0.772222 -2.041100 0.000000 0.000000 0.000000 1.000000
0.847748 0.026540 -0.529735 21.769300 -0.020698 0.999642 0.016959 -0.634000 0.529995 -0.003412 0.847994 -2.041100 0.000000 0.000000 0.000000 1.000000
0.923913 0.026112 -0.381710 21.769300 -0.023004 0.999655 0.012704 -0.634000 0.381910 -0.002956 0.924195 -2.041100 0.000000 0.000000 0.000000 1.000000
0.977963 0.025736 -0.207187 21.769300 -0.024684 0.999666 0.007665 -0.634000 0.207315 -0.002382 0.978271 -2.041100 0.000000 0.000000 0.000000 1.000000
0.998297 0.025503 -0.052463 21.769300 -0.025371 0.999673 0.003181 -0.634000 0.052527 -0.001844 0.998618 -2.041100 0.000000 0.000000 0.000000 1.000000
0.998937 0.025406 0.038462 21.769300 -0.025446 0.999676 0.000538 -0.634000 -0.038436 -0.001516 0.999260 -2.041100 0.000000 0.000000 0.000000 1.000000
0.998055 0.025391 0.056935 21.769300 -0.025432 0.999677 0.000001 -0.634000 -0.056917 -0.001449 0.998378 -2.041100 0.000000 0.000000 0.000000 1.000000
0.998055 0.025391 0.056935 21.769300 -0.025432 0.999677 0.000001 -0.634000 -0.056917 -0.001449 0.998378 -2.041100 0.000000 0.000000 0.000000 1.000000
0.998175 0.025393 0.054787 21.769300 -0.025434 0.999676 0.000063 -0.634000 -0.054768 -0.001456 0.998498 -2.041100 0.000000 0.000000 0.000000 1.000000
0.998129 0.025391 0.055623 21.769300 -0.025433 0.999677 0.000039 -0.634000 -0.055604 -0.001454 0.998452 -2.041100 0.000000 0.000000 0.000000 1.000000
0.998078 0.025391 0.056532 21.769300 -0.025432 0.999677 0.000012 -0.634000 -0.056514 -0.001450 0.998401 -2.041100 0.000000 0.000000 0.000000 1.000000
0.998067 0.025391 0.056721 21.769300 -0.025432 0.999677 0.000007 -0.634000 -0.056702 -0.001449 0.998390 -2.041100 0.000000 0.000000 0.000000 1.000000
0.998055 0.025391 0.056935 21.769300 -0.025432 0.999677 0.000001 -0.634000 -0.056917 -0.001449 0.998378 -2.041100 0.000000 0.000000 0.000000 1.000000
0.998055 0.025390 0.056935 21.769300 -0.025432 0.999677 0.000001 -0.634000 -0.056917 -0.001449 0.998378 -2.041100 0.000000 0.000000 0.000000 1.000000
